# relative_time, cycles_done, cur_item, corpus_count, pending_total, pending_favs, map_size, saved_crashes, saved_hangs, max_depth, execs_per_sec, total_execs, edges_found, total_crashes, servers_count
61, 1152, 0, 1, 0, 0, 27.27%, 0, 0, 1, 3331.97, 345880, 3, 0, 0
66, 1203, 0, 1, 0, 0, 27.27%, 0, 0, 1, 3135.67, 361013, 3, 0, 0
71, 1248, 0, 1, 0, 0, 27.27%, 0, 0, 1, 2727.40, 374713, 3, 0, 0
76, 1294, 0, 1, 0, 0, 27.27%, 0, 0, 1, 2782.77, 388469, 3, 0, 0
81, 1345, 0, 1, 0, 0, 27.27%, 0, 0, 1, 3002.20, 403673, 3, 0, 0
86, 1406, 0, 1, 0, 0, 27.27%, 0, 0, 1, 4034.01, 421991, 3, 0, 0
91, 1478, 0, 1, 0, 0, 27.27%, 0, 0, 1, 3715.03, 443690, 3, 0, 0
96, 1521, 0, 1, 0, 0, 27.27%, 0, 0, 1, 2830.89, 456413, 3, 0, 0
101, 1568, 0, 1, 0, 0, 27.27%, 0, 0, 1, 2779.56, 470513, 3, 0, 0
106, 1617, 0, 1, 0, 0, 27.27%, 0, 0, 1, 2895.46, 485271, 3, 0, 0
111, 1645, 0, 1, 0, 0, 27.27%, 0, 0, 1, 922.24, 493684, 3, 0, 0
116, 1678, 0, 1, 0, 0, 27.27%, 0, 0, 1, 1727.44, 503684, 3, 0, 0
121, 1712, 0, 1, 0, 0, 27.27%, 0, 0, 1, 1953.14, 513854, 3, 0, 0
127, 1753, 0, 1, 0, 0, 27.27%, 0, 0, 1, 2410.32, 526164, 3, 0, 0
132, 1814, 0, 1, 0, 0, 27.27%, 0, 0, 1, 3882.10, 544388, 3, 0, 0
137, 1952, 0, 1, 0, 0, 27.27%, 0, 0, 1, 7289.26, 585815, 3, 0, 0
142, 2087, 0, 1, 0, 0, 27.27%, 0, 0, 1, 7663.27, 626315, 3, 0, 0
147, 2212, 0, 1, 0, 0, 27.27%, 0, 0, 1, 7414.12, 663815, 3, 0, 0
152, 2322, 0, 1, 0, 0, 27.27%, 0, 0, 1, 6585.75, 696815, 3, 0, 0
157, 2430, 0, 1, 0, 0, 27.27%, 0, 0, 1, 6238.61, 729315, 3, 0, 0
162, 2526, 0, 1, 0, 0, 27.27%, 0, 0, 1, 5704.00, 758115, 3, 0, 0
168, 2638, 0, 1, 0, 0, 27.27%, 0, 0, 1, 6422.15, 791715, 3, 0, 0
173, 2751, 0, 1, 0, 0, 27.27%, 0, 0, 1, 6535.88, 825515, 3, 0, 0
178, 2869, 0, 1, 0, 0, 27.27%, 0, 0, 1, 6810.92, 860815, 3, 0, 0
183, 2994, 0, 1, 0, 0, 27.27%, 0, 0, 1, 7197.01, 898315, 3, 0, 0
188, 3109, 0, 1, 0, 0, 27.27%, 0, 0, 1, 6549.80, 932915, 3, 0, 0
193, 3214, 0, 1, 0, 0, 27.27%, 0, 0, 1, 6124.90, 964315, 3, 0, 0
199, 3323, 0, 1, 0, 0, 27.27%, 0, 0, 1, 6367.82, 997115, 3, 0, 0
204, 3433, 0, 1, 0, 0, 27.27%, 0, 0, 1, 6446.14, 1030215, 3, 0, 0
209, 3542, 0, 1, 0, 0, 27.27%, 0, 0, 1, 6519.79, 1062915, 3, 0, 0
214, 3652, 0, 1, 0, 0, 27.27%, 0, 0, 1, 6372.66, 1095915, 3, 0, 0
219, 3757, 0, 1, 0, 0, 27.27%, 0, 0, 1, 6059.31, 1127315, 3, 0, 0
224, 3846, 0, 1, 0, 0, 27.27%, 0, 0, 1, 5361.94, 1154015, 3, 0, 0
229, 3957, 0, 1, 0, 0, 27.27%, 0, 0, 1, 6262.72, 1187415, 3, 0, 0
235, 4064, 0, 1, 0, 0, 27.27%, 0, 0, 1, 6124.12, 1219415, 3, 0, 0
240, 4173, 0, 1, 0, 0, 27.27%, 0, 0, 1, 6424.40, 1252115, 3, 0, 0
245, 4274, 0, 1, 0, 0, 27.27%, 0, 0, 1, 6232.62, 1282515, 3, 0, 0
250, 4350, 0, 1, 0, 0, 27.27%, 0, 0, 1, 4393.80, 1305205, 3, 0, 0
255, 4398, 0, 1, 0, 0, 27.27%, 0, 0, 1, 3108.03, 1319715, 3, 0, 0
260, 4444, 0, 1, 0, 0, 27.27%, 0, 0, 1, 2822.30, 1333315, 3, 0, 0
265, 4491, 0, 1, 0, 0, 27.27%, 0, 0, 1, 2796.94, 1347615, 3, 0, 0
270, 4541, 0, 1, 0, 0, 27.27%, 0, 0, 1, 2848.77, 1362415, 3, 0, 0
275, 4583, 0, 1, 0, 0, 27.27%, 0, 0, 1, 2612.61, 1375115, 3, 0, 0
280, 4628, 0, 1, 0, 0, 27.27%, 0, 0, 1, 2664.70, 1388615, 3, 0, 0
285, 4715, 0, 1, 0, 0, 27.27%, 0, 0, 1, 5371.92, 1414715, 3, 0, 0
291, 4844, 0, 1, 0, 0, 27.27%, 0, 0, 1, 6946.57, 1453315, 3, 0, 0
296, 4929, 0, 1, 0, 0, 27.27%, 0, 0, 1, 4892.30, 1478815, 3, 0, 0
301, 4972, 0, 1, 0, 0, 27.27%, 0, 0, 1, 3079.64, 1491915, 3, 0, 0
306, 5016, 0, 1, 0, 0, 27.27%, 0, 0, 1, 2733.71, 1505115, 3, 0, 0
311, 5061, 0, 1, 0, 0, 27.27%, 0, 0, 1, 2700.40, 1518469, 3, 0, 0
316, 5106, 0, 1, 0, 0, 27.27%, 0, 0, 1, 2702.01, 1532115, 3, 0, 0
321, 5147, 0, 1, 0, 0, 27.27%, 0, 0, 1, 2440.52, 1544212, 3, 0, 0
326, 5189, 0, 1, 0, 0, 27.27%, 0, 0, 1, 2514.46, 1556966, 3, 0, 0
331, 5262, 0, 1, 0, 0, 27.27%, 0, 0, 1, 4649.02, 1578903, 3, 0, 0
336, 5383, 0, 1, 0, 0, 27.27%, 0, 0, 1, 6429.45, 1615115, 3, 0, 0
342, 5499, 0, 1, 0, 0, 27.27%, 0, 0, 1, 6362.02, 1649815, 3, 0, 0
347, 5574, 0, 1, 0, 0, 27.27%, 0, 0, 1, 4427.81, 1672306, 3, 0, 0
352, 5625, 0, 1, 0, 0, 27.27%, 0, 0, 1, 3317.49, 1687615, 3, 0, 0
357, 5675, 0, 1, 0, 0, 27.27%, 0, 0, 1, 3063.87, 1702776, 3, 0, 0
362, 5725, 0, 1, 0, 0, 27.27%, 0, 0, 1, 2948.05, 1717615, 3, 0, 0
367, 5771, 0, 1, 0, 0, 27.27%, 0, 0, 1, 2669.58, 1731469, 3, 0, 0
372, 5816, 0, 1, 0, 0, 27.27%, 0, 0, 1, 2718.47, 1744870, 3, 0, 0
377, 5863, 0, 1, 0, 0, 27.27%, 0, 0, 1, 2816.97, 1759171, 3, 0, 0
382, 5910, 0, 1, 0, 0, 27.27%, 0, 0, 1, 2842.78, 1773215, 3, 0, 0
387, 5955, 0, 1, 0, 0, 27.27%, 0, 0, 1, 2684.63, 1786815, 3, 0, 0
392, 6002, 0, 1, 0, 0, 27.27%, 0, 0, 1, 2744.81, 1800815, 3, 0, 0
397, 6047, 0, 1, 0, 0, 27.27%, 0, 0, 1, 2630.76, 1814169, 3, 0, 0
402, 6089, 0, 1, 0, 0, 27.27%, 0, 0, 1, 2599.03, 1827015, 3, 0, 0
408, 6132, 0, 1, 0, 0, 27.27%, 0, 0, 1, 2521.11, 1839766, 3, 0, 0
413, 6175, 0, 1, 0, 0, 27.27%, 0, 0, 1, 2575.68, 1852767, 3, 0, 0
418, 6221, 0, 1, 0, 0, 27.27%, 0, 0, 1, 2710.71, 1866515, 3, 0, 0
423, 6301, 0, 1, 0, 0, 27.27%, 0, 0, 1, 4985.28, 1890512, 3, 0, 0
428, 6434, 0, 1, 0, 0, 27.27%, 0, 0, 1, 7225.58, 1930315, 3, 0, 0
433, 6550, 0, 1, 0, 0, 27.27%, 0, 0, 1, 6384.31, 1965215, 3, 0, 0
438, 6632, 0, 1, 0, 0, 27.27%, 0, 0, 1, 5149.45, 1989915, 3, 0, 0
443, 6718, 0, 1, 0, 0, 27.27%, 0, 0, 1, 4944.09, 2015615, 3, 0, 0
448, 6761, 0, 1, 0, 0, 27.27%, 0, 0, 1, 2942.41, 2028475, 3, 0, 0
453, 6813, 0, 1, 0, 0, 27.27%, 0, 0, 1, 3483.62, 2044015, 3, 0, 0
458, 6896, 0, 1, 0, 0, 27.27%, 0, 0, 1, 4775.31, 2069009, 3, 0, 0
463, 6994, 0, 1, 0, 0, 27.27%, 0, 0, 1, 5275.50, 2098315, 3, 0, 0
468, 7078, 0, 1, 0, 0, 27.27%, 0, 0, 1, 4810.27, 2123613, 3, 0, 0
474, 7134, 0, 1, 0, 0, 27.27%, 0, 0, 1, 3640.15, 2140515, 3, 0, 0
479, 7221, 0, 1, 0, 0, 27.27%, 0, 0, 1, 5019.72, 2166615, 3, 0, 0
484, 7311, 0, 1, 0, 0, 27.27%, 0, 0, 1, 5295.31, 2193415, 3, 0, 0
489, 7386, 0, 1, 0, 0, 27.27%, 0, 0, 1, 3555.19, 2216087, 3, 0, 0
494, 7464, 0, 1, 0, 0, 27.27%, 0, 0, 1, 4196.43, 2239415, 3, 0, 0
499, 7557, 0, 1, 0, 0, 27.27%, 0, 0, 1, 5157.09, 2267215, 3, 0, 0
504, 7650, 0, 1, 0, 0, 27.27%, 0, 0, 1, 5493.34, 2295315, 3, 0, 0
509, 7746, 0, 1, 0, 0, 27.27%, 0, 0, 1, 5776.50, 2323915, 3, 0, 0
515, 7844, 0, 1, 0, 0, 27.27%, 0, 0, 1, 5697.48, 2353415, 3, 0, 0
520, 7949, 0, 1, 0, 0, 27.27%, 0, 0, 1, 6127.83, 2384915, 3, 0, 0
525, 8061, 0, 1, 0, 0, 27.27%, 0, 0, 1, 6375.41, 2418415, 3, 0, 0
530, 8165, 0, 1, 0, 0, 27.27%, 0, 0, 1, 6044.70, 2449615, 3, 0, 0
535, 8271, 0, 1, 0, 0, 27.27%, 0, 0, 1, 6173.86, 2481615, 3, 0, 0
540, 8340, 0, 1, 0, 0, 27.27%, 0, 0, 1, 4088.64, 2502315, 3, 0, 0
545, 8383, 0, 1, 0, 0, 27.27%, 0, 0, 1, 2907.76, 2515115, 3, 0, 0
550, 8478, 0, 1, 0, 0, 27.27%, 0, 0, 1, 4836.03, 2543611, 3, 0, 0
555, 8571, 0, 1, 0, 0, 27.27%, 0, 0, 1, 5399.07, 2571615, 3, 0, 0
561, 8654, 0, 1, 0, 0, 27.27%, 0, 0, 1, 4979.61, 2596415, 3, 0, 0
566, 8760, 0, 1, 0, 0, 27.27%, 0, 0, 1, 6038.76, 2628115, 3, 0, 0
571, 8863, 0, 1, 0, 0, 27.27%, 0, 0, 1, 6301.37, 2659115, 3, 0, 0
576, 8912, 0, 1, 0, 0, 27.27%, 0, 0, 1, 3525.99, 2673815, 3, 0, 0
581, 8956, 0, 1, 0, 0, 27.27%, 0, 0, 1, 2790.69, 2686872, 3, 0, 0
586, 9000, 0, 1, 0, 0, 27.27%, 0, 0, 1, 2631.19, 2700268, 3, 0, 0
591, 9107, 0, 1, 0, 0, 27.27%, 0, 0, 1, 5899.45, 2732415, 3, 0, 0
596, 9200, 0, 1, 0, 0, 27.27%, 0, 0, 1, 6129.34, 2760315, 3, 0, 0
601, 9315, 0, 1, 0, 0, 27.27%, 0, 0, 1, 6319.59, 2794615, 3, 0, 0
607, 9418, 0, 1, 0, 0, 27.27%, 0, 0, 1, 6186.92, 2825615, 3, 0, 0
612, 9525, 0, 1, 0, 0, 27.27%, 0, 0, 1, 6294.16, 2857615, 3, 0, 0
617, 9632, 0, 1, 0, 0, 27.27%, 0, 0, 1, 6326.22, 2889815, 3, 0, 0
622, 9732, 0, 1, 0, 0, 27.27%, 0, 0, 1, 5909.58, 2919715, 3, 0, 0
627, 9842, 0, 1, 0, 0, 27.27%, 0, 0, 1, 6264.60, 2952815, 3, 0, 0
632, 9922, 0, 1, 0, 0, 27.27%, 0, 0, 1, 4471.52, 2976907, 3, 0, 0
637, 9968, 0, 1, 0, 0, 27.27%, 0, 0, 1, 3080.53, 2990515, 3, 0, 0
642, 10013, 0, 1, 0, 0, 27.27%, 0, 0, 1, 2840.40, 3004115, 3, 0, 0
647, 10058, 0, 1, 0, 0, 27.27%, 0, 0, 1, 2743.43, 3017570, 3, 0, 0
653, 10105, 0, 1, 0, 0, 27.27%, 0, 0, 1, 2780.79, 3031671, 3, 0, 0
658, 10156, 0, 1, 0, 0, 27.27%, 0, 0, 1, 2963.20, 3046975, 3, 0, 0
663, 10205, 0, 1, 0, 0, 27.27%, 0, 0, 1, 2825.71, 3061672, 3, 0, 0
668, 10249, 0, 1, 0, 0, 27.27%, 0, 0, 1, 2623.27, 3075015, 3, 0, 0
673, 10300, 0, 1, 0, 0, 27.27%, 0, 0, 1, 2895.90, 3090173, 3, 0, 0
678, 10351, 0, 1, 0, 0, 27.27%, 0, 0, 1, 2993.09, 3105475, 3, 0, 0
684, 10400, 0, 1, 0, 0, 27.27%, 0, 0, 1, 2853.00, 3120173, 3, 0, 0
689, 10445, 0, 1, 0, 0, 27.27%, 0, 0, 1, 2630.79, 3133568, 3, 0, 0
694, 10486, 0, 1, 0, 0, 27.27%, 0, 0, 1, 2519.26, 3146015, 3, 0, 0
699, 10539, 0, 1, 0, 0, 27.27%, 0, 0, 1, 3387.79, 3161878, 3, 0, 0
704, 10648, 0, 1, 0, 0, 27.27%, 0, 0, 1, 5467.85, 3194615, 3, 0, 0
709, 10772, 0, 1, 0, 0, 27.27%, 0, 0, 1, 7114.85, 3231715, 3, 0, 0
714, 10899, 0, 1, 0, 0, 27.27%, 0, 0, 1, 7269.36, 3269915, 3, 0, 0
719, 10984, 0, 1, 0, 0, 27.27%, 0, 0, 1, 4785.61, 3295514, 3, 0, 0
724, 11036, 0, 1, 0, 0, 27.27%, 0, 0, 1, 3386.99, 3310883, 3, 0, 0
729, 11086, 0, 1, 0, 0, 27.27%, 0, 0, 1, 3056.84, 3325915, 3, 0, 0
735, 11137, 0, 1, 0, 0, 27.27%, 0, 0, 1, 2956.63, 3341315, 3, 0, 0
740, 11200, 0, 1, 0, 0, 27.27%, 0, 0, 1, 3882.75, 3360115, 3, 0, 0
745, 11333, 0, 1, 0, 0, 27.27%, 0, 0, 1, 6884.60, 3400115, 3, 0, 0
750, 11461, 0, 1, 0, 0, 27.27%, 0, 0, 1, 7284.32, 3438515, 3, 0, 0
755, 11584, 0, 1, 0, 0, 27.27%, 0, 0, 1, 7114.16, 3475515, 3, 0, 0
760, 11710, 0, 1, 0, 0, 27.27%, 0, 0, 1, 7167.87, 3513115, 3, 0, 0
766, 11826, 0, 1, 0, 0, 27.27%, 0, 0, 1, 6865.46, 3548015, 3, 0, 0
771, 11944, 0, 1, 0, 0, 27.27%, 0, 0, 1, 6849.44, 3583315, 3, 0, 0
776, 12066, 0, 1, 0, 0, 27.27%, 0, 0, 1, 7126.03, 3619915, 3, 0, 0
781, 12188, 0, 1, 0, 0, 27.27%, 0, 0, 1, 6810.89, 3656615, 3, 0, 0
786, 12295, 0, 1, 0, 0, 27.27%, 0, 0, 1, 6746.25, 3688815, 3, 0, 0
792, 12405, 0, 1, 0, 0, 27.27%, 0, 0, 1, 6392.23, 3721615, 3, 0, 0
797, 12472, 0, 1, 0, 0, 27.27%, 0, 0, 1, 4079.92, 3741899, 3, 0, 0
802, 12518, 0, 1, 0, 0, 27.27%, 0, 0, 1, 3035.77, 3755715, 3, 0, 0
807, 12569, 0, 1, 0, 0, 27.27%, 0, 0, 1, 2970.73, 3771015, 3, 0, 0
812, 12619, 0, 1, 0, 0, 27.27%, 0, 0, 1, 2937.59, 3785774, 3, 0, 0
817, 12664, 0, 1, 0, 0, 27.27%, 0, 0, 1, 2776.47, 3799515, 3, 0, 0
822, 12712, 0, 1, 0, 0, 27.27%, 0, 0, 1, 2799.07, 3813815, 3, 0, 0
827, 12759, 0, 1, 0, 0, 27.27%, 0, 0, 1, 2719.44, 3827870, 3, 0, 0
832, 12803, 0, 1, 0, 0, 27.27%, 0, 0, 1, 2612.75, 3841068, 3, 0, 0
837, 12848, 0, 1, 0, 0, 27.27%, 0, 0, 1, 2673.51, 3854569, 3, 0, 0
842, 12894, 0, 1, 0, 0, 27.27%, 0, 0, 1, 2745.18, 3868315, 3, 0, 0
847, 12937, 0, 1, 0, 0, 27.27%, 0, 0, 1, 2607.56, 3881267, 3, 0, 0
853, 12985, 0, 1, 0, 0, 27.27%, 0, 0, 1, 2716.01, 3895615, 3, 0, 0
858, 13031, 0, 1, 0, 0, 27.27%, 0, 0, 1, 2730.24, 3909415, 3, 0, 0
863, 13082, 0, 1, 0, 0, 27.27%, 0, 0, 1, 3335.52, 3924816, 3, 0, 0
868, 13204, 0, 1, 0, 0, 27.27%, 0, 0, 1, 5945.40, 3961315, 3, 0, 0
873, 13295, 0, 1, 0, 0, 27.27%, 0, 0, 1, 5358.01, 3988715, 3, 0, 0
878, 13340, 0, 1, 0, 0, 27.27%, 0, 0, 1, 3322.90, 4002315, 3, 0, 0
883, 13393, 0, 1, 0, 0, 27.27%, 0, 0, 1, 3171.05, 4017977, 3, 0, 0
888, 13444, 0, 1, 0, 0, 27.27%, 0, 0, 1, 3034.01, 4033415, 3, 0, 0
893, 13498, 0, 1, 0, 0, 27.27%, 0, 0, 1, 3047.24, 4049476, 3, 0, 0
898, 13549, 0, 1, 0, 0, 27.27%, 0, 0, 1, 3131.86, 4064815, 3, 0, 0
904, 13601, 0, 1, 0, 0, 27.27%, 0, 0, 1, 3052.53, 4080515, 3, 0, 0
909, 13652, 0, 1, 0, 0, 27.27%, 0, 0, 1, 2955.31, 4095675, 3, 0, 0
914, 13703, 0, 1, 0, 0, 27.27%, 0, 0, 1, 3050.21, 4111176, 3, 0, 0
919, 13753, 0, 1, 0, 0, 27.27%, 0, 0, 1, 3002.74, 4126115, 3, 0, 0
924, 13808, 0, 1, 0, 0, 27.27%, 0, 0, 1, 3202.71, 4142715, 3, 0, 0
929, 13860, 0, 1, 0, 0, 27.27%, 0, 0, 1, 3168.00, 4158178, 3, 0, 0
934, 13912, 0, 1, 0, 0, 27.27%, 0, 0, 1, 3115.29, 4173815, 3, 0, 0
939, 13964, 0, 1, 0, 0, 27.27%, 0, 0, 1, 3026.09, 4189376, 3, 0, 0
944, 14016, 0, 1, 0, 0, 27.27%, 0, 0, 1, 3108.59, 4205078, 3, 0, 0
949, 14066, 0, 1, 0, 0, 27.27%, 0, 0, 1, 2951.31, 4220015, 3, 0, 0
954, 14115, 0, 1, 0, 0, 27.27%, 0, 0, 1, 2828.62, 4234673, 3, 0, 0
959, 14160, 0, 1, 0, 0, 27.27%, 0, 0, 1, 2714.99, 4248270, 3, 0, 0
964, 14205, 0, 1, 0, 0, 27.27%, 0, 0, 1, 2613.96, 4261516, 3, 0, 0
969, 14249, 0, 1, 0, 0, 27.27%, 0, 0, 1, 2659.16, 4274769, 3, 0, 0
974, 14294, 0, 1, 0, 0, 27.27%, 0, 0, 1, 2717.15, 4288470, 3, 0, 0
979, 14340, 0, 1, 0, 0, 27.27%, 0, 0, 1, 2713.06, 4302170, 3, 0, 0
985, 14390, 0, 1, 0, 0, 27.27%, 0, 0, 1, 2896.99, 4317215, 3, 0, 0
990, 14444, 0, 1, 0, 0, 27.27%, 0, 0, 1, 2998.49, 4333276, 3, 0, 0
995, 14499, 0, 1, 0, 0, 27.27%, 0, 0, 1, 3308.11, 4349982, 3, 0, 0
1000, 14549, 0, 1, 0, 0, 27.27%, 0, 0, 1, 3087.11, 4365015, 3, 0, 0
1005, 14603, 0, 1, 0, 0, 27.27%, 0, 0, 1, 3021.76, 4381076, 3, 0, 0
1010, 14652, 0, 1, 0, 0, 27.27%, 0, 0, 1, 2908.84, 4395674, 3, 0, 0
1015, 14707, 0, 1, 0, 0, 27.27%, 0, 0, 1, 3142.12, 4412215, 3, 0, 0
1020, 14757, 0, 1, 0, 0, 27.27%, 0, 0, 1, 3082.94, 4427415, 3, 0, 0
1025, 14811, 0, 1, 0, 0, 27.27%, 0, 0, 1, 3098.47, 4443378, 3, 0, 0
1031, 14867, 0, 1, 0, 0, 27.27%, 0, 0, 1, 3290.79, 4460282, 3, 0, 0
1036, 14920, 0, 1, 0, 0, 27.27%, 0, 0, 1, 3189.79, 4476115, 3, 0, 0
1041, 14975, 0, 1, 0, 0, 27.27%, 0, 0, 1, 3413.89, 4492781, 3, 0, 0
1046, 15023, 0, 1, 0, 0, 27.27%, 0, 0, 1, 2959.93, 4507215, 3, 0, 0
1051, 15078, 0, 1, 0, 0, 27.27%, 0, 0, 1, 3195.44, 4523580, 3, 0, 0
1056, 15129, 0, 1, 0, 0, 27.27%, 0, 0, 1, 3040.09, 4538815, 3, 0, 0
1061, 15178, 0, 1, 0, 0, 27.27%, 0, 0, 1, 2989.95, 4553715, 3, 0, 0
1066, 15227, 0, 1, 0, 0, 27.27%, 0, 0, 1, 2901.80, 4568415, 3, 0, 0
1071, 15276, 0, 1, 0, 0, 27.27%, 0, 0, 1, 2877.82, 4583115, 3, 0, 0
1076, 15323, 0, 1, 0, 0, 27.27%, 0, 0, 1, 2789.46, 4596971, 3, 0, 0
1081, 15375, 0, 1, 0, 0, 27.27%, 0, 0, 1, 3099.73, 4612678, 3, 0, 0
1086, 15426, 0, 1, 0, 0, 27.27%, 0, 0, 1, 2987.66, 4627876, 3, 0, 0
1091, 15475, 0, 1, 0, 0, 27.27%, 0, 0, 1, 2931.30, 4642674, 3, 0, 0
1096, 15585, 0, 1, 0, 0, 27.27%, 0, 0, 1, 5947.15, 4675615, 3, 0, 0
1102, 15715, 0, 1, 0, 0, 27.27%, 0, 0, 1, 7212.71, 4714715, 3, 0, 0
1107, 15846, 0, 1, 0, 0, 27.27%, 0, 0, 1, 7587.33, 4753915, 3, 0, 0
1112, 15986, 0, 1, 0, 0, 27.27%, 0, 0, 1, 8070.55, 4795915, 3, 0, 0
1117, 16116, 0, 1, 0, 0, 27.27%, 0, 0, 1, 7647.28, 4834915, 3, 0, 0
1122, 16240, 0, 1, 0, 0, 27.27%, 0, 0, 1, 7156.48, 4872115, 3, 0, 0
1127, 16374, 0, 1, 0, 0, 27.27%, 0, 0, 1, 7832.36, 4912315, 3, 0, 0
1132, 16508, 0, 1, 0, 0, 27.27%, 0, 0, 1, 7743.06, 4952615, 3, 0, 0
1138, 16645, 0, 1, 0, 0, 27.27%, 0, 0, 1, 7860.64, 4993615, 3, 0, 0
1143, 16770, 0, 1, 0, 0, 27.27%, 0, 0, 1, 7285.40, 5031315, 3, 0, 0
1148, 16902, 0, 1, 0, 0, 27.27%, 0, 0, 1, 7588.36, 5070715, 3, 0, 0
1153, 17031, 0, 1, 0, 0, 27.27%, 0, 0, 1, 7469.37, 5109515, 3, 0, 0
1158, 17141, 0, 1, 0, 0, 27.27%, 0, 0, 1, 6872.30, 5142515, 3, 0, 0
1163, 17271, 0, 1, 0, 0, 27.27%, 0, 0, 1, 7390.56, 5181415, 3, 0, 0
1169, 17383, 0, 1, 0, 0, 27.27%, 0, 0, 1, 6505.35, 5215015, 3, 0, 0
1174, 17508, 0, 1, 0, 0, 27.27%, 0, 0, 1, 7270.31, 5252515, 3, 0, 0
1179, 17648, 0, 1, 0, 0, 27.27%, 0, 0, 1, 8033.32, 5294715, 3, 0, 0
1184, 17789, 0, 1, 0, 0, 27.27%, 0, 0, 1, 8173.14, 5337015, 3, 0, 0
1189, 17929, 0, 1, 0, 0, 27.27%, 0, 0, 1, 8141.18, 5378915, 3, 0, 0
1194, 18069, 0, 1, 0, 0, 27.27%, 0, 0, 1, 8161.49, 5421015, 3, 0, 0
1199, 18208, 0, 1, 0, 0, 27.27%, 0, 0, 1, 8128.97, 5462715, 3, 0, 0
1204, 18336, 0, 1, 0, 0, 27.27%, 0, 0, 1, 7708.78, 5501115, 3, 0, 0
1210, 18475, 0, 1, 0, 0, 27.27%, 0, 0, 1, 7965.36, 5542615, 3, 0, 0
1215, 18610, 0, 1, 0, 0, 27.27%, 0, 0, 1, 7937.60, 5583115, 3, 0, 0
1220, 18747, 0, 1, 0, 0, 27.27%, 0, 0, 1, 7962.92, 5624215, 3, 0, 0
1225, 18878, 0, 1, 0, 0, 27.27%, 0, 0, 1, 7765.70, 5663715, 3, 0, 0
1230, 19015, 0, 1, 0, 0, 27.27%, 0, 0, 1, 7897.50, 5704715, 3, 0, 0
1235, 19125, 0, 1, 0, 0, 27.27%, 0, 0, 1, 6715.65, 5737615, 3, 0, 0
1240, 19247, 0, 1, 0, 0, 27.27%, 0, 0, 1, 7024.88, 5774315, 3, 0, 0
1246, 19360, 0, 1, 0, 0, 27.27%, 0, 0, 1, 6785.34, 5808315, 3, 0, 0
1251, 19474, 0, 1, 0, 0, 27.27%, 0, 0, 1, 6722.02, 5842315, 3, 0, 0
1256, 19604, 0, 1, 0, 0, 27.27%, 0, 0, 1, 7452.18, 5881515, 3, 0, 0
1261, 19729, 0, 1, 0, 0, 27.27%, 0, 0, 1, 7220.27, 5919015, 3, 0, 0
1266, 19837, 0, 1, 0, 0, 27.27%, 0, 0, 1, 6604.05, 5951215, 3, 0, 0
1271, 19959, 0, 1, 0, 0, 27.27%, 0, 0, 1, 7170.45, 5988015, 3, 0, 0
1276, 20073, 0, 1, 0, 0, 27.27%, 0, 0, 1, 6754.91, 6022015, 3, 0, 0
1282, 20126, 0, 1, 0, 0, 27.27%, 0, 0, 1, 3893.94, 6038115, 3, 0, 0
1287, 20177, 0, 1, 0, 0, 27.27%, 0, 0, 1, 3185.57, 6053315, 3, 0, 0
1292, 20219, 0, 1, 0, 0, 27.27%, 0, 0, 1, 2663.71, 6065968, 3, 0, 0
1297, 20269, 0, 1, 0, 0, 27.27%, 0, 0, 1, 2890.78, 6081015, 3, 0, 0
1302, 20320, 0, 1, 0, 0, 27.27%, 0, 0, 1, 2912.34, 6096173, 3, 0, 0
1307, 20370, 0, 1, 0, 0, 27.27%, 0, 0, 1, 3019.06, 6111275, 3, 0, 0
1312, 20420, 0, 1, 0, 0, 27.27%, 0, 0, 1, 2916.96, 6126274, 3, 0, 0
1317, 20470, 0, 1, 0, 0, 27.27%, 0, 0, 1, 2874.50, 6141315, 3, 0, 0
1322, 20516, 0, 1, 0, 0, 27.27%, 0, 0, 1, 2647.34, 6155016, 3, 0, 0
1328, 20565, 0, 1, 0, 0, 27.27%, 0, 0, 1, 2858.34, 6169673, 3, 0, 0
1333, 20614, 0, 1, 0, 0, 27.27%, 0, 0, 1, 2879.02, 6184273, 3, 0, 0
1338, 20664, 0, 1, 0, 0, 27.27%, 0, 0, 1, 2966.62, 6199515, 3, 0, 0
1343, 20714, 0, 1, 0, 0, 27.27%, 0, 0, 1, 2893.21, 6214473, 3, 0, 0
1348, 20764, 0, 1, 0, 0, 27.27%, 0, 0, 1, 2912.24, 6229374, 3, 0, 0
1353, 20813, 0, 1, 0, 0, 27.27%, 0, 0, 1, 2862.96, 6243973, 3, 0, 0
1358, 20863, 0, 1, 0, 0, 27.27%, 0, 0, 1, 2874.25, 6259015, 3, 0, 0
1363, 20912, 0, 1, 0, 0, 27.27%, 0, 0, 1, 2922.81, 6273673, 3, 0, 0
1368, 20964, 0, 1, 0, 0, 27.27%, 0, 0, 1, 3100.95, 6289378, 3, 0, 0
1373, 21012, 0, 1, 0, 0, 27.27%, 0, 0, 1, 2932.04, 6303915, 3, 0, 0
1378, 21063, 0, 1, 0, 0, 27.27%, 0, 0, 1, 3033.30, 6319177, 3, 0, 0
1384, 21116, 0, 1, 0, 0, 27.27%, 0, 0, 1, 3057.33, 6335115, 3, 0, 0
1389, 21167, 0, 1, 0, 0, 27.27%, 0, 0, 1, 2989.96, 6350415, 3, 0, 0
1394, 21212, 0, 1, 0, 0, 27.27%, 0, 0, 1, 2674.79, 6363669, 3, 0, 0
1399, 21254, 0, 1, 0, 0, 27.27%, 0, 0, 1, 2548.95, 6376367, 3, 0, 0
1404, 21296, 0, 1, 0, 0, 27.27%, 0, 0, 1, 2498.25, 6388914, 3, 0, 0
1409, 21339, 0, 1, 0, 0, 27.27%, 0, 0, 1, 2588.15, 6401767, 3, 0, 0
1414, 21382, 0, 1, 0, 0, 27.27%, 0, 0, 1, 2607.19, 6414867, 3, 0, 0
1419, 21428, 0, 1, 0, 0, 27.27%, 0, 0, 1, 2591.38, 6428567, 3, 0, 0
1424, 21477, 0, 1, 0, 0, 27.27%, 0, 0, 1, 2919.77, 6443215, 3, 0, 0
1429, 21531, 0, 1, 0, 0, 27.27%, 0, 0, 1, 3157.51, 6459379, 3, 0, 0
1434, 21574, 0, 1, 0, 0, 27.27%, 0, 0, 1, 2632.54, 6472315, 3, 0, 0
1439, 21618, 0, 1, 0, 0, 27.27%, 0, 0, 1, 2692.59, 6485615, 3, 0, 0
1444, 21703, 0, 1, 0, 0, 27.27%, 0, 0, 1, 5213.68, 6511115, 3, 0, 0
1450, 21835, 0, 1, 0, 0, 27.27%, 0, 0, 1, 7021.47, 6550715, 3, 0, 0
1455, 21935, 0, 1, 0, 0, 27.27%, 0, 0, 1, 5932.70, 6580715, 3, 0, 0
1460, 22014, 0, 1, 0, 0, 27.27%, 0, 0, 1, 3209.88, 6604476, 3, 0, 0
1465, 22123, 0, 1, 0, 0, 27.27%, 0, 0, 1, 5752.20, 6637015, 3, 0, 0
1470, 22251, 0, 1, 0, 0, 27.27%, 0, 0, 1, 7179.97, 6675415, 3, 0, 0
1475, 22371, 0, 1, 0, 0, 27.27%, 0, 0, 1, 7218.58, 6711415, 3, 0, 0
1480, 22498, 0, 1, 0, 0, 27.27%, 0, 0, 1, 7411.90, 6749715, 3, 0, 0
1486, 22626, 0, 1, 0, 0, 27.27%, 0, 0, 1, 7409.37, 6787915, 3, 0, 0
1491, 22727, 0, 1, 0, 0, 27.27%, 0, 0, 1, 4524.98, 6818202, 3, 0, 0
1496, 22846, 0, 1, 0, 0, 27.27%, 0, 0, 1, 6358.86, 6853915, 3, 0, 0
1501, 22966, 0, 1, 0, 0, 27.27%, 0, 0, 1, 6929.58, 6890015, 3, 0, 0
1506, 23068, 0, 1, 0, 0, 27.27%, 0, 0, 1, 6369.79, 6920615, 3, 0, 0
1511, 23151, 0, 1, 0, 0, 27.27%, 0, 0, 1, 5173.51, 6945415, 3, 0, 0
1516, 23241, 0, 1, 0, 0, 27.27%, 0, 0, 1, 5279.84, 6972416, 3, 0, 0
1521, 23333, 0, 1, 0, 0, 27.27%, 0, 0, 1, 5279.10, 7000015, 3, 0, 0
1526, 23382, 0, 1, 0, 0, 27.27%, 0, 0, 1, 3284.34, 7014780, 3, 0, 0
1532, 23481, 0, 1, 0, 0, 27.27%, 0, 0, 1, 5508.30, 7044615, 3, 0, 0
1537, 23603, 0, 1, 0, 0, 27.27%, 0, 0, 1, 6778.76, 7081015, 3, 0, 0
1542, 23715, 0, 1, 0, 0, 27.27%, 0, 0, 1, 6691.22, 7114715, 3, 0, 0
1547, 23843, 0, 1, 0, 0, 27.27%, 0, 0, 1, 7258.88, 7153015, 3, 0, 0
1552, 23953, 0, 1, 0, 0, 27.27%, 0, 0, 1, 6516.97, 7186115, 3, 0, 0
1557, 24051, 0, 1, 0, 0, 27.27%, 0, 0, 1, 5834.85, 7215515, 3, 0, 0
1562, 24143, 0, 1, 0, 0, 27.27%, 0, 0, 1, 2696.65, 7242965, 3, 0, 0
1568, 24249, 0, 1, 0, 0, 27.27%, 0, 0, 1, 5556.98, 7274915, 3, 0, 0
1573, 24347, 0, 1, 0, 0, 27.27%, 0, 0, 1, 5736.45, 7304215, 3, 0, 0
1578, 24401, 0, 1, 0, 0, 27.27%, 0, 0, 1, 3518.49, 7320487, 3, 0, 0
1583, 24444, 0, 1, 0, 0, 27.27%, 0, 0, 1, 2771.76, 7333270, 3, 0, 0
1588, 24493, 0, 1, 0, 0, 27.27%, 0, 0, 1, 2888.32, 7347973, 3, 0, 0
1593, 24542, 0, 1, 0, 0, 27.27%, 0, 0, 1, 2876.48, 7362672, 3, 0, 0
1598, 24593, 0, 1, 0, 0, 27.27%, 0, 0, 1, 2953.17, 7377974, 3, 0, 0
1604, 24640, 0, 1, 0, 0, 27.27%, 0, 0, 1, 2814.56, 7392315, 3, 0, 0
1609, 24681, 0, 1, 0, 0, 27.27%, 0, 0, 1, 2538.33, 7404615, 3, 0, 0
1614, 24724, 0, 1, 0, 0, 27.27%, 0, 0, 1, 2533.94, 7417466, 3, 0, 0
1619, 24766, 0, 1, 0, 0, 27.27%, 0, 0, 1, 2511.40, 7429915, 3, 0, 0
1624, 24807, 0, 1, 0, 0, 27.27%, 0, 0, 1, 2494.14, 7442265, 3, 0, 0
1629, 24850, 0, 1, 0, 0, 27.27%, 0, 0, 1, 2418.01, 7455264, 3, 0, 0
1634, 24901, 0, 1, 0, 0, 27.27%, 0, 0, 1, 2916.31, 7470515, 3, 0, 0
1639, 24955, 0, 1, 0, 0, 27.27%, 0, 0, 1, 3078.07, 7486576, 3, 0, 0
1644, 25003, 0, 1, 0, 0, 27.27%, 0, 0, 1, 2932.50, 7500974, 3, 0, 0
1649, 25051, 0, 1, 0, 0, 27.27%, 0, 0, 1, 2828.20, 7515472, 3, 0, 0
1654, 25105, 0, 1, 0, 0, 27.27%, 0, 0, 1, 3069.33, 7531677, 3, 0, 0
1659, 25156, 0, 1, 0, 0, 27.27%, 0, 0, 1, 2926.85, 7547074, 3, 0, 0
1664, 25209, 0, 1, 0, 0, 27.27%, 0, 0, 1, 3099.57, 7562978, 3, 0, 0
1669, 25259, 0, 1, 0, 0, 27.27%, 0, 0, 1, 3036.36, 7577915, 3, 0, 0
1675, 25307, 0, 1, 0, 0, 27.27%, 0, 0, 1, 2871.27, 7592415, 3, 0, 0
1680, 25359, 0, 1, 0, 0, 27.27%, 0, 0, 1, 2984.44, 7607915, 3, 0, 0
1685, 25409, 0, 1, 0, 0, 27.27%, 0, 0, 1, 2883.47, 7622973, 3, 0, 0
1690, 25461, 0, 1, 0, 0, 27.27%, 0, 0, 1, 2962.14, 7638415, 3, 0, 0
1695, 25510, 0, 1, 0, 0, 27.27%, 0, 0, 1, 2897.37, 7653274, 3, 0, 0
1700, 25555, 0, 1, 0, 0, 27.27%, 0, 0, 1, 2701.01, 7666615, 3, 0, 0
1705, 25600, 0, 1, 0, 0, 27.27%, 0, 0, 1, 2724.43, 7680115, 3, 0, 0
1710, 25649, 0, 1, 0, 0, 27.27%, 0, 0, 1, 2897.42, 7694915, 3, 0, 0
1715, 25700, 0, 1, 0, 0, 27.27%, 0, 0, 1, 2989.02, 7710215, 3, 0, 0
1721, 25753, 0, 1, 0, 0, 27.27%, 0, 0, 1, 3002.54, 7725976, 3, 0, 0
1726, 25800, 0, 1, 0, 0, 27.27%, 0, 0, 1, 2859.94, 7740272, 3, 0, 0
1731, 25856, 0, 1, 0, 0, 27.27%, 0, 0, 1, 3217.62, 7756915, 3, 0, 0
1736, 25910, 0, 1, 0, 0, 27.27%, 0, 0, 1, 3251.72, 7773315, 3, 0, 0
1741, 25962, 0, 1, 0, 0, 27.27%, 0, 0, 1, 3165.44, 7788779, 3, 0, 0
1746, 26020, 0, 1, 0, 0, 27.27%, 0, 0, 1, 3363.83, 7806182, 3, 0, 0
1751, 26080, 0, 1, 0, 0, 27.27%, 0, 0, 1, 3431.69, 7824115, 3, 0, 0
1756, 26136, 0, 1, 0, 0, 27.27%, 0, 0, 1, 3374.12, 7841015, 3, 0, 0
1761, 26193, 0, 1, 0, 0, 27.27%, 0, 0, 1, 3298.07, 7858181, 3, 0, 0
1767, 26253, 0, 1, 0, 0, 27.27%, 0, 0, 1, 3445.95, 7876084, 3, 0, 0
1772, 26311, 0, 1, 0, 0, 27.27%, 0, 0, 1, 3410.28, 7893583, 3, 0, 0
1777, 26367, 0, 1, 0, 0, 27.27%, 0, 0, 1, 3344.06, 7910182, 3, 0, 0
1782, 26423, 0, 1, 0, 0, 27.27%, 0, 0, 1, 3403.93, 7927115, 3, 0, 0
1787, 26478, 0, 1, 0, 0, 27.27%, 0, 0, 1, 3253.05, 7943582, 3, 0, 0
1792, 26527, 0, 1, 0, 0, 27.27%, 0, 0, 1, 2946.57, 7958374, 3, 0, 0
1797, 26569, 0, 1, 0, 0, 27.27%, 0, 0, 1, 2595.27, 7970968, 3, 0, 0
1802, 26611, 0, 1, 0, 0, 27.27%, 0, 0, 1, 2488.01, 7983366, 3, 0, 0
1807, 26653, 0, 1, 0, 0, 27.27%, 0, 0, 1, 2521.68, 7996166, 3, 0, 0
1812, 26700, 0, 1, 0, 0, 27.27%, 0, 0, 1, 2730.31, 8010170, 3, 0, 0
1817, 26747, 0, 1, 0, 0, 27.27%, 0, 0, 1, 2768.71, 8024171, 3, 0, 0
1822, 26793, 0, 1, 0, 0, 27.27%, 0, 0, 1, 2780.72, 8038072, 3, 0, 0
1827, 26838, 0, 1, 0, 0, 27.27%, 0, 0, 1, 2700.66, 8051469, 3, 0, 0
1832, 26891, 0, 1, 0, 0, 27.27%, 0, 0, 1, 2988.99, 8067376, 3, 0, 0
1837, 26939, 0, 1, 0, 0, 27.27%, 0, 0, 1, 2924.90, 8081974, 3, 0, 0
1843, 26981, 0, 1, 0, 0, 27.27%, 0, 0, 1, 569.67, 8094466, 3, 0, 0
1848, 26996, 0, 1, 0, 0, 27.27%, 0, 0, 1, 816.93, 8099112, 3, 0, 0
1853, 27009, 0, 1, 0, 0, 27.27%, 0, 0, 1, 844.10, 8102980, 3, 0, 0
1858, 27030, 0, 1, 0, 0, 27.27%, 0, 0, 1, 1206.21, 8109062, 3, 0, 0
1863, 27051, 0, 1, 0, 0, 27.27%, 0, 0, 1, 1277.98, 8115566, 3, 0, 0
1868, 27080, 0, 1, 0, 0, 27.27%, 0, 0, 1, 1885.84, 8124182, 3, 0, 0
1873, 27172, 0, 1, 0, 0, 27.27%, 0, 0, 1, 4660.44, 8151908, 3, 0, 0
1878, 27256, 0, 1, 0, 0, 27.27%, 0, 0, 1, 4889.36, 8177114, 3, 0, 0
1883, 27345, 0, 1, 0, 0, 27.27%, 0, 0, 1, 5096.30, 8203715, 3, 0, 0
1888, 27443, 0, 1, 0, 0, 27.27%, 0, 0, 1, 5336.67, 8233015, 3, 0, 0
1893, 27525, 0, 1, 0, 0, 27.27%, 0, 0, 1, 5124.14, 8257715, 3, 0, 0
1898, 27613, 0, 1, 0, 0, 27.27%, 0, 0, 1, 5249.03, 8284115, 3, 0, 0
1904, 27702, 0, 1, 0, 0, 27.27%, 0, 0, 1, 5089.53, 8310915, 3, 0, 0
1909, 27802, 0, 1, 0, 0, 27.27%, 0, 0, 1, 5682.20, 8340715, 3, 0, 0
1914, 27887, 0, 1, 0, 0, 27.27%, 0, 0, 1, 5085.64, 8366315, 3, 0, 0
1919, 27985, 0, 1, 0, 0, 27.27%, 0, 0, 1, 5620.49, 8395815, 3, 0, 0
1924, 28054, 0, 1, 0, 0, 27.27%, 0, 0, 1, 4143.38, 8416396, 3, 0, 0
1929, 28159, 0, 1, 0, 0, 27.27%, 0, 0, 1, 5856.24, 8447815, 3, 0, 0
1934, 28283, 0, 1, 0, 0, 27.27%, 0, 0, 1, 7000.11, 8485215, 3, 0, 0
1939, 28405, 0, 1, 0, 0, 27.27%, 0, 0, 1, 6906.67, 8521815, 3, 0, 0
1944, 28501, 0, 1, 0, 0, 27.27%, 0, 0, 1, 6113.04, 8550415, 3, 0, 0
1950, 28536, 0, 1, 0, 0, 27.27%, 0, 0, 1, 2907.73, 8560875, 3, 0, 0
1955, 28568, 0, 1, 0, 0, 27.27%, 0, 0, 1, 2116.81, 8570658, 3, 0, 0
1960, 28597, 0, 1, 0, 0, 27.27%, 0, 0, 1, 1910.98, 8579390, 3, 0, 0
1965, 28625, 0, 1, 0, 0, 27.27%, 0, 0, 1, 1214.87, 8587562, 3, 0, 0
1970, 28661, 0, 1, 0, 0, 27.27%, 0, 0, 1, 1914.86, 8598390, 3, 0, 0
1975, 28697, 0, 1, 0, 0, 27.27%, 0, 0, 1, 2090.11, 8609198, 3, 0, 0
1980, 28731, 0, 1, 0, 0, 27.27%, 0, 0, 1, 2055.31, 8619498, 3, 0, 0
1985, 28761, 0, 1, 0, 0, 27.27%, 0, 0, 1, 1706.73, 8628384, 3, 0, 0
1991, 28797, 0, 1, 0, 0, 27.27%, 0, 0, 1, 1991.37, 8639194, 3, 0, 0
1996, 28828, 0, 1, 0, 0, 27.27%, 0, 0, 1, 1875.93, 8648653, 3, 0, 0
2001, 28861, 0, 1, 0, 0, 27.27%, 0, 0, 1, 1969.80, 8658415, 3, 0, 0
2006, 28895, 0, 1, 0, 0, 27.27%, 0, 0, 1, 2076.75, 8668557, 3, 0, 0
2011, 28943, 0, 1, 0, 0, 27.27%, 0, 0, 1, 2721.99, 8683015, 3, 0, 0
2016, 28995, 0, 1, 0, 0, 27.27%, 0, 0, 1, 2928.37, 8698615, 3, 0, 0
2021, 29042, 0, 1, 0, 0, 27.27%, 0, 0, 1, 2718.32, 8712770, 3, 0, 0
2026, 29084, 0, 1, 0, 0, 27.27%, 0, 0, 1, 2526.46, 8725315, 3, 0, 0
2031, 29125, 0, 1, 0, 0, 27.27%, 0, 0, 1, 2455.09, 8737612, 3, 0, 0
2036, 29168, 0, 1, 0, 0, 27.27%, 0, 0, 1, 2552.39, 8750667, 3, 0, 0
2041, 29210, 0, 1, 0, 0, 27.27%, 0, 0, 1, 2514.01, 8763065, 3, 0, 0
2047, 29253, 0, 1, 0, 0, 27.27%, 0, 0, 1, 2541.80, 8776115, 3, 0, 0
2052, 29294, 0, 1, 0, 0, 27.27%, 0, 0, 1, 2497.53, 8788265, 3, 0, 0
2057, 29372, 0, 1, 0, 0, 27.27%, 0, 0, 1, 4308.43, 8811915, 3, 0, 0
2062, 29457, 0, 1, 0, 0, 27.27%, 0, 0, 1, 5039.52, 8837415, 3, 0, 0
2067, 29543, 0, 1, 0, 0, 27.27%, 0, 0, 1, 5165.25, 8863115, 3, 0, 0
2072, 29596, 0, 1, 0, 0, 27.27%, 0, 0, 1, 3227.06, 8878981, 3, 0, 0
2077, 29671, 0, 1, 0, 0, 27.27%, 0, 0, 1, 4593.96, 8901405, 3, 0, 0
2083, 29797, 0, 1, 0, 0, 27.27%, 0, 0, 1, 6811.66, 8939415, 3, 0, 0
2088, 29925, 0, 1, 0, 0, 27.27%, 0, 0, 1, 7263.51, 8977815, 3, 0, 0
2093, 30048, 0, 1, 0, 0, 27.27%, 0, 0, 1, 7260.25, 9014615, 3, 0, 0
2098, 30145, 0, 1, 0, 0, 27.27%, 0, 0, 1, 5798.83, 9043715, 3, 0, 0
2103, 30236, 0, 1, 0, 0, 27.27%, 0, 0, 1, 5411.05, 9070915, 3, 0, 0
2108, 30314, 0, 1, 0, 0, 27.27%, 0, 0, 1, 4315.73, 9094415, 3, 0, 0
2113, 30380, 0, 1, 0, 0, 27.27%, 0, 0, 1, 4577.86, 9114104, 3, 0, 0
2118, 30505, 0, 1, 0, 0, 27.27%, 0, 0, 1, 6665.57, 9151615, 3, 0, 0
2123, 30589, 0, 1, 0, 0, 27.27%, 0, 0, 1, 5337.60, 9177015, 3, 0, 0
2129, 30698, 0, 1, 0, 0, 27.27%, 0, 0, 1, 6702.48, 9209515, 3, 0, 0
2134, 30826, 0, 1, 0, 0, 27.27%, 0, 0, 1, 7356.69, 9248015, 3, 0, 0
2139, 30954, 0, 1, 0, 0, 27.27%, 0, 0, 1, 7423.07, 9286515, 3, 0, 0
2144, 31081, 0, 1, 0, 0, 27.27%, 0, 0, 1, 7455.67, 9324515, 3, 0, 0
2149, 31208, 0, 1, 0, 0, 27.27%, 0, 0, 1, 7425.00, 9362615, 3, 0, 0
2154, 31334, 0, 1, 0, 0, 27.27%, 0, 0, 1, 7389.54, 9400415, 3, 0, 0
2159, 31461, 0, 1, 0, 0, 27.27%, 0, 0, 1, 7412.14, 9438515, 3, 0, 0
2165, 31588, 0, 1, 0, 0, 27.27%, 0, 0, 1, 7419.83, 9476615, 3, 0, 0
2170, 31716, 0, 1, 0, 0, 27.27%, 0, 0, 1, 7440.36, 9515115, 3, 0, 0
2175, 31844, 0, 1, 0, 0, 27.27%, 0, 0, 1, 7429.19, 9553515, 3, 0, 0
2180, 31970, 0, 1, 0, 0, 27.27%, 0, 0, 1, 7373.48, 9591115, 3, 0, 0
2185, 32092, 0, 1, 0, 0, 27.27%, 0, 0, 1, 7167.23, 9627815, 3, 0, 0
2190, 32219, 0, 1, 0, 0, 27.27%, 0, 0, 1, 7356.88, 9665915, 3, 0, 0
2195, 32346, 0, 1, 0, 0, 27.27%, 0, 0, 1, 7444.03, 9704115, 3, 0, 0
2201, 32474, 0, 1, 0, 0, 27.27%, 0, 0, 1, 7401.96, 9742315, 3, 0, 0
2206, 32597, 0, 1, 0, 0, 27.27%, 0, 0, 1, 7140.79, 9779415, 3, 0, 0
2211, 32724, 0, 1, 0, 0, 27.27%, 0, 0, 1, 7373.44, 9817515, 3, 0, 0
2216, 32852, 0, 1, 0, 0, 27.27%, 0, 0, 1, 7469.46, 9855915, 3, 0, 0
2221, 32981, 0, 1, 0, 0, 27.27%, 0, 0, 1, 7420.58, 9894415, 3, 0, 0
2226, 33092, 0, 1, 0, 0, 27.27%, 0, 0, 1, 6783.12, 9927915, 3, 0, 0
2231, 33216, 0, 1, 0, 0, 27.27%, 0, 0, 1, 7051.04, 9964915, 3, 0, 0
2237, 33337, 0, 1, 0, 0, 27.27%, 0, 0, 1, 7131.30, 10001215, 3, 0, 0
2242, 33464, 0, 1, 0, 0, 27.27%, 0, 0, 1, 7387.07, 10039515, 3, 0, 0
2247, 33589, 0, 1, 0, 0, 27.27%, 0, 0, 1, 7053.11, 10076915, 3, 0, 0
2252, 33696, 0, 1, 0, 0, 27.27%, 0, 0, 1, 6465.80, 10108915, 3, 0, 0
2257, 33793, 0, 1, 0, 0, 27.27%, 0, 0, 1, 5966.40, 10138015, 3, 0, 0
2262, 33917, 0, 1, 0, 0, 27.27%, 0, 0, 1, 7070.76, 10175315, 3, 0, 0
2267, 34039, 0, 1, 0, 0, 27.27%, 0, 0, 1, 6938.20, 10211815, 3, 0, 0
2273, 34146, 0, 1, 0, 0, 27.27%, 0, 0, 1, 6373.38, 10244015, 3, 0, 0
2278, 34202, 0, 1, 0, 0, 27.27%, 0, 0, 1, 3856.29, 10260915, 3, 0, 0
2283, 34252, 0, 1, 0, 0, 27.27%, 0, 0, 1, 3110.66, 10275815, 3, 0, 0
2288, 34302, 0, 1, 0, 0, 27.27%, 0, 0, 1, 2925.90, 10290775, 3, 0, 0
2293, 34345, 0, 1, 0, 0, 27.27%, 0, 0, 1, 2728.60, 10303770, 3, 0, 0
2298, 34455, 0, 1, 0, 0, 27.27%, 0, 0, 1, 6203.81, 10336815, 3, 0, 0
2303, 34595, 0, 1, 0, 0, 27.27%, 0, 0, 1, 7800.65, 10378815, 3, 0, 0
2308, 34724, 0, 1, 0, 0, 27.27%, 0, 0, 1, 7341.49, 10417415, 3, 0, 0
2313, 34832, 0, 1, 0, 0, 27.27%, 0, 0, 1, 6588.34, 10449715, 3, 0, 0
2318, 34927, 0, 1, 0, 0, 27.27%, 0, 0, 1, 5579.18, 10478315, 3, 0, 0
2323, 35009, 0, 1, 0, 0, 27.27%, 0, 0, 1, 5361.62, 10502815, 3, 0, 0
2328, 35069, 0, 1, 0, 0, 27.27%, 0, 0, 1, 3814.57, 10520794, 3, 0, 0
2331, 35088, 0, 1, 0, 0, 27.27%, 0, 0, 1, 1095.20, 10526512, 3, 0, 0
