# relative_time, cycles_done, cur_item, corpus_count, pending_total, pending_favs, map_size, saved_crashes, saved_hangs, max_depth, execs_per_sec, total_execs, edges_found, total_crashes, servers_count
61, 218, 0, 1, 0, 0, 22.22%, 1, 0, 1, 936.10, 65669, 2, 80, 0
66, 236, 0, 1, 0, 0, 22.22%, 1, 0, 1, 1063.14, 71035, 2, 87, 0
71, 251, 0, 1, 0, 0, 22.22%, 1, 0, 1, 947.81, 75453, 2, 91, 0
76, 269, 0, 1, 0, 0, 22.22%, 1, 0, 1, 1017.12, 80735, 2, 95, 0
81, 288, 0, 1, 0, 0, 22.22%, 1, 0, 1, 1090.54, 86436, 2, 99, 0
86, 302, 0, 1, 0, 0, 22.22%, 1, 0, 1, 896.54, 90869, 2, 106, 0
91, 315, 0, 1, 0, 0, 22.22%, 1, 0, 1, 748.96, 94745, 2, 108, 0
96, 324, 0, 1, 0, 0, 22.22%, 1, 0, 1, 575.62, 97370, 2, 113, 0
101, 334, 0, 1, 0, 0, 22.22%, 1, 0, 1, 603.71, 100259, 2, 117, 0
106, 343, 0, 1, 0, 0, 22.22%, 1, 0, 1, 584.74, 103140, 2, 122, 0
112, 355, 0, 1, 0, 0, 22.22%, 1, 0, 1, 696.15, 106655, 2, 124, 0
117, 365, 0, 1, 0, 0, 22.22%, 1, 0, 1, 918.90, 109634, 2, 127, 0
122, 377, 0, 1, 0, 0, 22.22%, 1, 0, 1, 776.06, 113331, 2, 136, 0
127, 386, 0, 1, 0, 0, 22.22%, 1, 0, 1, 565.02, 115971, 2, 144, 0
132, 396, 0, 1, 0, 0, 22.22%, 1, 0, 1, 568.79, 118927, 2, 149, 0
137, 403, 0, 1, 0, 0, 22.22%, 1, 0, 1, 476.03, 121215, 2, 149, 0
142, 410, 0, 1, 0, 0, 22.22%, 1, 0, 1, 431.42, 123196, 2, 150, 0
147, 424, 0, 1, 0, 0, 22.22%, 1, 0, 1, 770.38, 127461, 2, 152, 0
152, 436, 0, 1, 0, 0, 22.22%, 1, 0, 1, 695.64, 131086, 2, 156, 0
157, 452, 0, 1, 0, 0, 22.22%, 1, 0, 1, 892.60, 135906, 2, 158, 0
163, 465, 0, 1, 0, 0, 22.22%, 1, 0, 1, 724.97, 139786, 2, 162, 0
168, 475, 0, 1, 0, 0, 22.22%, 1, 0, 1, 636.35, 142764, 2, 169, 0
173, 485, 0, 1, 0, 0, 22.22%, 1, 0, 1, 599.78, 145782, 2, 170, 0
178, 494, 0, 1, 0, 0, 22.22%, 1, 0, 1, 521.46, 148386, 2, 171, 0
183, 503, 0, 1, 0, 0, 22.22%, 1, 0, 1, 536.84, 150976, 2, 174, 0
188, 510, 0, 1, 0, 0, 22.22%, 1, 0, 1, 426.85, 153088, 2, 177, 0
193, 520, 0, 1, 0, 0, 22.22%, 1, 0, 1, 561.15, 156115, 2, 182, 0
199, 529, 0, 1, 0, 0, 22.22%, 1, 0, 1, 514.30, 158736, 2, 185, 0
204, 536, 0, 1, 0, 0, 22.22%, 1, 0, 1, 471.02, 161106, 2, 188, 0
209, 544, 0, 1, 0, 0, 22.22%, 1, 0, 1, 479.80, 163406, 2, 190, 0
214, 551, 0, 1, 0, 0, 22.22%, 1, 0, 1, 469.66, 165615, 2, 193, 0
219, 559, 0, 1, 0, 0, 22.22%, 1, 0, 1, 452.28, 167804, 2, 196, 0
224, 569, 0, 1, 0, 0, 22.22%, 1, 0, 1, 595.99, 170776, 2, 200, 0
229, 579, 0, 1, 0, 0, 22.22%, 1, 0, 1, 646.73, 173952, 2, 203, 0
234, 591, 0, 1, 0, 0, 22.22%, 1, 0, 1, 671.85, 177594, 2, 204, 0
239, 601, 0, 1, 0, 0, 22.22%, 1, 0, 1, 590.58, 180504, 2, 206, 0
244, 609, 0, 1, 0, 0, 22.22%, 1, 0, 1, 453.45, 182743, 2, 207, 0
250, 620, 0, 1, 0, 0, 22.22%, 1, 0, 1, 628.08, 186016, 2, 209, 0
255, 631, 0, 1, 0, 0, 22.22%, 1, 0, 1, 665.60, 189442, 2, 214, 0
260, 647, 0, 1, 0, 0, 22.22%, 1, 0, 1, 869.56, 194148, 2, 220, 0
265, 662, 0, 1, 0, 0, 22.22%, 1, 0, 1, 958.10, 198915, 2, 232, 0
270, 681, 0, 1, 0, 0, 22.22%, 1, 0, 1, 1122.71, 204538, 2, 241, 0
275, 701, 0, 1, 0, 0, 22.22%, 1, 0, 1, 1144.09, 210560, 2, 250, 0
280, 720, 0, 1, 0, 0, 22.22%, 1, 0, 1, 1076.83, 216315, 2, 258, 0
285, 739, 0, 1, 0, 0, 22.22%, 1, 0, 1, 1077.38, 221837, 2, 263, 0
291, 762, 0, 1, 0, 0, 22.22%, 1, 0, 1, 1221.03, 228640, 2, 268, 0
296, 782, 0, 1, 0, 0, 22.22%, 1, 0, 1, 1207.19, 234788, 2, 274, 0
301, 802, 0, 1, 0, 0, 22.22%, 1, 0, 1, 1182.02, 240712, 2, 276, 0
306, 820, 0, 1, 0, 0, 22.22%, 1, 0, 1, 1080.59, 246260, 2, 282, 0
311, 839, 0, 1, 0, 0, 22.22%, 1, 0, 1, 1090.65, 252004, 2, 290, 0
316, 857, 0, 1, 0, 0, 22.22%, 1, 0, 1, 1104.69, 257137, 2, 296, 0
321, 872, 0, 1, 0, 0, 22.22%, 1, 0, 1, 197.84, 261849, 2, 303, 0
326, 881, 0, 1, 0, 0, 22.22%, 1, 0, 1, 422.63, 264532, 2, 304, 0
331, 888, 0, 1, 0, 0, 22.22%, 1, 0, 1, 377.12, 266586, 2, 308, 0
336, 901, 0, 1, 0, 0, 22.22%, 1, 0, 1, 748.16, 270372, 2, 309, 0
341, 914, 0, 1, 0, 0, 22.22%, 1, 0, 1, 820.23, 274316, 2, 312, 0
347, 935, 0, 1, 0, 0, 22.22%, 1, 0, 1, 1210.54, 280662, 2, 318, 0
352, 951, 0, 1, 0, 0, 22.22%, 1, 0, 1, 954.47, 285354, 2, 324, 0
357, 967, 0, 1, 0, 0, 22.22%, 1, 0, 1, 939.22, 290235, 2, 328, 0
362, 978, 0, 1, 0, 0, 22.22%, 1, 0, 1, 743.33, 293514, 2, 334, 0
367, 998, 0, 1, 0, 0, 22.22%, 1, 0, 1, 1105.00, 299638, 2, 341, 0
372, 1016, 0, 1, 0, 0, 22.22%, 1, 0, 1, 1050.00, 304956, 2, 346, 0
377, 1031, 0, 1, 0, 0, 22.22%, 1, 0, 1, 1046.22, 309615, 2, 350, 0
382, 1054, 0, 1, 0, 0, 22.22%, 1, 0, 1, 1235.17, 316388, 2, 360, 0
387, 1071, 0, 1, 0, 0, 22.22%, 1, 0, 1, 1049.65, 321476, 2, 366, 0
392, 1088, 0, 1, 0, 0, 22.22%, 1, 0, 1, 972.14, 326435, 2, 375, 0
397, 1106, 0, 1, 0, 0, 22.22%, 1, 0, 1, 1094.23, 332115, 2, 381, 0
403, 1122, 0, 1, 0, 0, 22.22%, 1, 0, 1, 968.90, 336911, 2, 394, 0
408, 1135, 0, 1, 0, 0, 22.22%, 1, 0, 1, 787.32, 340796, 2, 398, 0
413, 1147, 0, 1, 0, 0, 22.22%, 1, 0, 1, 716.13, 344244, 2, 400, 0
418, 1159, 0, 1, 0, 0, 22.22%, 1, 0, 1, 733.22, 348014, 2, 401, 0
423, 1172, 0, 1, 0, 0, 22.22%, 1, 0, 1, 789.25, 351776, 2, 405, 0
428, 1192, 0, 1, 0, 0, 22.22%, 1, 0, 1, 1077.53, 357737, 2, 411, 0
433, 1209, 0, 1, 0, 0, 22.22%, 1, 0, 1, 1046.65, 363000, 2, 415, 0
438, 1224, 0, 1, 0, 0, 22.22%, 1, 0, 1, 894.79, 367501, 2, 423, 0
443, 1241, 0, 1, 0, 0, 22.22%, 1, 0, 1, 956.84, 372352, 2, 431, 0
448, 1263, 0, 1, 0, 0, 22.22%, 1, 0, 1, 1211.06, 378940, 2, 438, 0
454, 1283, 0, 1, 0, 0, 22.22%, 1, 0, 1, 1238.00, 385112, 2, 443, 0
459, 1302, 0, 1, 0, 0, 22.22%, 1, 0, 1, 1095.08, 390660, 2, 451, 0
464, 1314, 0, 1, 0, 0, 22.22%, 1, 0, 1, 792.99, 394431, 2, 458, 0
469, 1326, 0, 1, 0, 0, 22.22%, 1, 0, 1, 730.13, 398072, 2, 462, 0
474, 1337, 0, 1, 0, 0, 22.22%, 1, 0, 1, 702.37, 401358, 2, 466, 0
479, 1349, 0, 1, 0, 0, 22.22%, 1, 0, 1, 726.71, 404972, 2, 468, 0
484, 1362, 0, 1, 0, 0, 22.22%, 1, 0, 1, 758.08, 408806, 2, 472, 0
489, 1373, 0, 1, 0, 0, 22.22%, 1, 0, 1, 660.79, 412028, 2, 477, 0
494, 1387, 0, 1, 0, 0, 22.22%, 1, 0, 1, 824.55, 416364, 2, 480, 0
499, 1402, 0, 1, 0, 0, 22.22%, 1, 0, 1, 868.51, 420715, 2, 486, 0
504, 1418, 0, 1, 0, 0, 22.22%, 1, 0, 1, 938.03, 425570, 2, 493, 0
509, 1432, 0, 1, 0, 0, 22.22%, 1, 0, 1, 862.23, 429867, 2, 498, 0
514, 1449, 0, 1, 0, 0, 22.22%, 1, 0, 1, 929.11, 434852, 2, 503, 0
519, 1466, 0, 1, 0, 0, 22.22%, 1, 0, 1, 1011.35, 440056, 2, 507, 0
525, 1483, 0, 1, 0, 0, 22.22%, 1, 0, 1, 995.54, 445073, 2, 513, 0
530, 1497, 0, 1, 0, 0, 22.22%, 1, 0, 1, 851.51, 449367, 2, 518, 0
535, 1513, 0, 1, 0, 0, 22.22%, 1, 0, 1, 871.35, 454033, 2, 530, 0
540, 1533, 0, 1, 0, 0, 22.22%, 1, 0, 1, 1123.25, 460008, 2, 538, 0
545, 1554, 0, 1, 0, 0, 22.22%, 1, 0, 1, 1187.10, 466362, 2, 542, 0
550, 1576, 0, 1, 0, 0, 22.22%, 1, 0, 1, 1339.13, 473115, 2, 544, 0
555, 1593, 0, 1, 0, 0, 22.22%, 1, 0, 1, 975.98, 478215, 2, 551, 0
560, 1614, 0, 1, 0, 0, 22.22%, 1, 0, 1, 1190.21, 484285, 2, 554, 0
565, 1637, 0, 1, 0, 0, 22.22%, 1, 0, 1, 1329.56, 491315, 2, 557, 0
570, 1660, 0, 1, 0, 0, 22.22%, 1, 0, 1, 1308.05, 498094, 2, 561, 0
575, 1683, 0, 1, 0, 0, 22.22%, 1, 0, 1, 1355.81, 504970, 2, 567, 0
580, 1707, 0, 1, 0, 0, 22.22%, 1, 0, 1, 1389.88, 512343, 2, 572, 0
585, 1727, 0, 1, 0, 0, 22.22%, 1, 0, 1, 1164.69, 518208, 2, 579, 0
590, 1748, 0, 1, 0, 0, 22.22%, 1, 0, 1, 1281.41, 524541, 2, 582, 0
596, 1769, 0, 1, 0, 0, 22.22%, 1, 0, 1, 1292.07, 530866, 2, 591, 0
601, 1787, 0, 1, 0, 0, 22.22%, 1, 0, 1, 1070.75, 536279, 2, 694, 0
606, 1801, 0, 1, 0, 0, 22.22%, 1, 0, 1, 860.09, 540333, 2, 1090, 0
611, 1813, 0, 1, 0, 0, 22.22%, 1, 0, 1, 763.96, 544076, 2, 1485, 0
616, 1824, 0, 1, 0, 0, 22.22%, 1, 0, 1, 642.80, 547376, 2, 1785, 0
621, 1836, 0, 1, 0, 0, 22.22%, 1, 0, 1, 706.63, 551058, 2, 2161, 0
626, 1848, 0, 1, 0, 0, 22.22%, 1, 0, 1, 722.69, 554558, 2, 2449, 0
631, 1861, 0, 1, 0, 0, 22.22%, 1, 0, 1, 761.98, 558391, 2, 2812, 0
636, 1874, 0, 1, 0, 0, 22.22%, 1, 0, 1, 787.01, 562491, 2, 3194, 0
641, 1889, 0, 1, 0, 0, 22.22%, 1, 0, 1, 857.83, 566833, 2, 3671, 0
647, 1905, 0, 1, 0, 0, 22.22%, 1, 0, 1, 923.63, 571670, 2, 4120, 0
652, 1923, 0, 1, 0, 0, 22.22%, 1, 0, 1, 1028.75, 577015, 2, 4590, 0
657, 1937, 0, 1, 0, 0, 22.22%, 1, 0, 1, 863.82, 581284, 2, 5012, 0
662, 1947, 0, 1, 0, 0, 22.22%, 1, 0, 1, 626.16, 584264, 2, 5393, 0
667, 1956, 0, 1, 0, 0, 22.22%, 1, 0, 1, 569.31, 586971, 2, 5670, 0
672, 1966, 0, 1, 0, 0, 22.22%, 1, 0, 1, 563.17, 589871, 2, 5937, 0
677, 1975, 0, 1, 0, 0, 22.22%, 1, 0, 1, 580.76, 592546, 2, 6181, 0
682, 1988, 0, 1, 0, 0, 22.22%, 1, 0, 1, 747.71, 596491, 2, 6476, 0
687, 2002, 0, 1, 0, 0, 22.22%, 1, 0, 1, 880.23, 600650, 2, 6985, 0
692, 2021, 0, 1, 0, 0, 22.22%, 1, 0, 1, 1101.54, 606438, 2, 7507, 0
697, 2037, 0, 1, 0, 0, 22.22%, 1, 0, 1, 913.67, 611270, 2, 7915, 0
702, 2054, 0, 1, 0, 0, 22.22%, 1, 0, 1, 1029.36, 616476, 2, 8439, 0
707, 2070, 0, 1, 0, 0, 22.22%, 1, 0, 1, 916.98, 621052, 2, 8918, 0
712, 2084, 0, 1, 0, 0, 22.22%, 1, 0, 1, 829.92, 625264, 2, 9351, 0
717, 2099, 0, 1, 0, 0, 22.22%, 1, 0, 1, 887.31, 629801, 2, 9830, 0
722, 2112, 0, 1, 0, 0, 22.22%, 1, 0, 1, 805.00, 633861, 2, 10161, 0
727, 2130, 0, 1, 0, 0, 22.22%, 1, 0, 1, 1004.09, 639211, 2, 10688, 0
733, 2147, 0, 1, 0, 0, 22.22%, 1, 0, 1, 973.41, 644135, 2, 11216, 0
738, 2159, 0, 1, 0, 0, 22.22%, 1, 0, 1, 751.83, 647991, 2, 11555, 0
743, 2170, 0, 1, 0, 0, 22.22%, 1, 0, 1, 606.48, 651064, 2, 11843, 0
748, 2179, 0, 1, 0, 0, 22.22%, 1, 0, 1, 567.68, 653893, 2, 12109, 0
753, 2189, 0, 1, 0, 0, 22.22%, 1, 0, 1, 594.78, 656971, 2, 12344, 0
758, 2198, 0, 1, 0, 0, 22.22%, 1, 0, 1, 529.11, 659456, 2, 12584, 0
763, 2207, 0, 1, 0, 0, 22.22%, 1, 0, 1, 561.38, 662126, 2, 12808, 0
769, 2219, 0, 1, 0, 0, 22.22%, 1, 0, 1, 729.15, 665930, 2, 13214, 0
774, 2232, 0, 1, 0, 0, 22.22%, 1, 0, 1, 795.92, 669915, 2, 13639, 0
779, 2244, 0, 1, 0, 0, 22.22%, 1, 0, 1, 681.07, 673268, 2, 13969, 0
784, 2256, 0, 1, 0, 0, 22.22%, 1, 0, 1, 721.33, 676972, 2, 14300, 0
789, 2270, 0, 1, 0, 0, 22.22%, 1, 0, 1, 820.65, 681061, 2, 14692, 0
794, 2285, 0, 1, 0, 0, 22.22%, 1, 0, 1, 846.10, 685580, 2, 15179, 0
799, 2298, 0, 1, 0, 0, 22.22%, 1, 0, 1, 751.44, 689631, 2, 15571, 0
804, 2315, 0, 1, 0, 0, 22.22%, 1, 0, 1, 961.11, 694611, 2, 16072, 0
809, 2332, 0, 1, 0, 0, 22.22%, 1, 0, 1, 1008.85, 699915, 2, 16506, 0
814, 2348, 0, 1, 0, 0, 22.22%, 1, 0, 1, 882.24, 704488, 2, 16979, 0
819, 2359, 0, 1, 0, 0, 22.22%, 1, 0, 1, 705.86, 707800, 2, 17279, 0
825, 2369, 0, 1, 0, 0, 22.22%, 1, 0, 1, 621.57, 710900, 2, 17591, 0
830, 2379, 0, 1, 0, 0, 22.22%, 1, 0, 1, 641.72, 713852, 2, 17889, 0
835, 2393, 0, 1, 0, 0, 22.22%, 1, 0, 1, 810.78, 718015, 2, 18345, 0
840, 2409, 0, 1, 0, 0, 22.22%, 1, 0, 1, 919.43, 722734, 2, 18722, 0
845, 2425, 0, 1, 0, 0, 22.22%, 1, 0, 1, 968.94, 727611, 2, 19195, 0
850, 2439, 0, 1, 0, 0, 22.22%, 1, 0, 1, 846.63, 731901, 2, 19598, 0
855, 2452, 0, 1, 0, 0, 22.22%, 1, 0, 1, 810.83, 735848, 2, 19937, 0
860, 2465, 0, 1, 0, 0, 22.22%, 1, 0, 1, 745.26, 739658, 2, 20378, 0
865, 2475, 0, 1, 0, 0, 22.22%, 1, 0, 1, 678.58, 742655, 2, 20638, 0
870, 2489, 0, 1, 0, 0, 22.22%, 1, 0, 1, 754.41, 746776, 2, 21012, 0
876, 2500, 0, 1, 0, 0, 22.22%, 1, 0, 1, 674.45, 750081, 2, 21312, 0
881, 2512, 0, 1, 0, 0, 22.22%, 1, 0, 1, 706.55, 753672, 2, 21715, 0
886, 2522, 0, 1, 0, 0, 22.22%, 1, 0, 1, 631.52, 756900, 2, 22024, 0
891, 2532, 0, 1, 0, 0, 22.22%, 1, 0, 1, 579.23, 759727, 2, 22288, 0
896, 2543, 0, 1, 0, 0, 22.22%, 1, 0, 1, 641.03, 763029, 2, 22602, 0
901, 2556, 0, 1, 0, 0, 22.22%, 1, 0, 1, 764.11, 766846, 2, 22914, 0
906, 2568, 0, 1, 0, 0, 22.22%, 1, 0, 1, 749.87, 770430, 2, 23287, 0
911, 2578, 0, 1, 0, 0, 22.22%, 1, 0, 1, 673.70, 773694, 2, 23615, 0
916, 2588, 0, 1, 0, 0, 22.22%, 1, 0, 1, 552.00, 776493, 2, 23962, 0
921, 2598, 0, 1, 0, 0, 22.22%, 1, 0, 1, 589.27, 779476, 2, 24248, 0
926, 2608, 0, 1, 0, 0, 22.22%, 1, 0, 1, 599.26, 782593, 2, 24557, 0
931, 2617, 0, 1, 0, 0, 22.22%, 1, 0, 1, 568.06, 785360, 2, 24800, 0
936, 2627, 0, 1, 0, 0, 22.22%, 1, 0, 1, 555.93, 788238, 2, 25035, 0
941, 2637, 0, 1, 0, 0, 22.22%, 1, 0, 1, 611.46, 791376, 2, 25314, 0
946, 2646, 0, 1, 0, 0, 22.22%, 1, 0, 1, 558.17, 794049, 2, 25598, 0
951, 2656, 0, 1, 0, 0, 22.22%, 1, 0, 1, 543.73, 796904, 2, 25905, 0
957, 2665, 0, 1, 0, 0, 22.22%, 1, 0, 1, 551.01, 799704, 2, 26184, 0
962, 2675, 0, 1, 0, 0, 22.22%, 1, 0, 1, 575.39, 802571, 2, 26479, 0
967, 2684, 0, 1, 0, 0, 22.22%, 1, 0, 1, 549.49, 805446, 2, 26804, 0
972, 2694, 0, 1, 0, 0, 22.22%, 1, 0, 1, 552.09, 808315, 2, 27109, 0
977, 2703, 0, 1, 0, 0, 22.22%, 1, 0, 1, 523.74, 811066, 2, 27441, 0
982, 2713, 0, 1, 0, 0, 22.22%, 1, 0, 1, 575.30, 813971, 2, 27710, 0
987, 2722, 0, 1, 0, 0, 22.22%, 1, 0, 1, 594.45, 816915, 2, 27960, 0
992, 2731, 0, 1, 0, 0, 22.22%, 1, 0, 1, 506.45, 819506, 2, 28210, 0
997, 2742, 0, 1, 0, 0, 22.22%, 1, 0, 1, 693.51, 822868, 2, 28537, 0
1002, 2757, 0, 1, 0, 0, 22.22%, 1, 0, 1, 797.43, 827131, 2, 28981, 0
1007, 2769, 0, 1, 0, 0, 22.22%, 1, 0, 1, 806.46, 830980, 2, 29591, 0
1012, 2785, 0, 1, 0, 0, 22.22%, 1, 0, 1, 883.54, 835634, 2, 30287, 0
1017, 2799, 0, 1, 0, 0, 22.22%, 1, 0, 1, 841.17, 839796, 2, 31073, 0
1022, 2813, 0, 1, 0, 0, 22.22%, 1, 0, 1, 801.30, 843948, 2, 31850, 0
1027, 2828, 0, 1, 0, 0, 22.22%, 1, 0, 1, 887.02, 848550, 2, 32577, 0
1033, 2840, 0, 1, 0, 0, 22.22%, 1, 0, 1, 793.41, 852291, 2, 33343, 0
1038, 2856, 0, 1, 0, 0, 22.22%, 1, 0, 1, 889.14, 856850, 2, 34064, 0
1043, 2870, 0, 1, 0, 0, 22.22%, 1, 0, 1, 843.61, 861084, 2, 34745, 0
1048, 2884, 0, 1, 0, 0, 22.22%, 1, 0, 1, 864.67, 865515, 2, 35431, 0
1053, 2900, 0, 1, 0, 0, 22.22%, 1, 0, 1, 893.97, 870106, 2, 36230, 0
1058, 2916, 0, 1, 0, 0, 22.22%, 1, 0, 1, 979.61, 875011, 2, 36882, 0
1063, 2931, 0, 1, 0, 0, 22.22%, 1, 0, 1, 914.16, 879384, 2, 37590, 0
1068, 2942, 0, 1, 0, 0, 22.22%, 1, 0, 1, 701.70, 882844, 2, 38221, 0
1073, 2956, 0, 1, 0, 0, 22.22%, 1, 0, 1, 802.29, 887031, 2, 38854, 0
1078, 2968, 0, 1, 0, 0, 22.22%, 1, 0, 1, 716.92, 890714, 2, 39488, 0
1083, 2981, 0, 1, 0, 0, 22.22%, 1, 0, 1, 729.85, 894372, 2, 40095, 0
1088, 2992, 0, 1, 0, 0, 22.22%, 1, 0, 1, 716.91, 897872, 2, 40682, 0
1093, 3002, 0, 1, 0, 0, 22.22%, 1, 0, 1, 564.63, 900915, 2, 41135, 0
1099, 3010, 0, 1, 0, 0, 22.22%, 1, 0, 1, 403.58, 903237, 2, 41566, 0
1104, 3018, 0, 1, 0, 0, 22.22%, 1, 0, 1, 434.90, 905515, 2, 41952, 0
1109, 3025, 0, 1, 0, 0, 22.22%, 1, 0, 1, 475.68, 907788, 2, 42416, 0
1114, 3034, 0, 1, 0, 0, 22.22%, 1, 0, 1, 530.70, 910456, 2, 42856, 0
1119, 3043, 0, 1, 0, 0, 22.22%, 1, 0, 1, 491.93, 913006, 2, 43276, 0
1124, 3050, 0, 1, 0, 0, 22.22%, 1, 0, 1, 418.14, 915140, 2, 43642, 0
1129, 3057, 0, 1, 0, 0, 22.22%, 1, 0, 1, 426.67, 917280, 2, 44000, 0
1134, 3065, 0, 1, 0, 0, 22.22%, 1, 0, 1, 450.25, 919597, 2, 44381, 0
1139, 3072, 0, 1, 0, 0, 22.22%, 1, 0, 1, 416.20, 921796, 2, 44758, 0
1144, 3077, 0, 1, 0, 0, 22.22%, 1, 0, 1, 317.53, 923294, 2, 45021, 0
1149, 3083, 0, 1, 0, 0, 22.22%, 1, 0, 1, 396.58, 925186, 2, 45285, 0
1155, 3092, 0, 1, 0, 0, 22.22%, 1, 0, 1, 453.69, 927706, 2, 45640, 0
1160, 3098, 0, 1, 0, 0, 22.22%, 1, 0, 1, 381.44, 929623, 2, 45983, 0
1165, 3104, 0, 1, 0, 0, 22.22%, 1, 0, 1, 345.03, 931237, 2, 46222, 0
1170, 3108, 0, 1, 0, 0, 22.22%, 1, 0, 1, 279.21, 932481, 2, 46491, 0
1175, 3112, 0, 1, 0, 0, 22.22%, 1, 0, 1, 302.55, 933915, 2, 46730, 0
1180, 3116, 0, 1, 0, 0, 22.22%, 1, 0, 1, 228.37, 935024, 2, 46956, 0
1185, 3121, 0, 1, 0, 0, 22.22%, 1, 0, 1, 264.28, 936366, 2, 47131, 0
1190, 3124, 0, 1, 0, 0, 22.22%, 1, 0, 1, 198.61, 937412, 2, 47277, 0
1196, 3127, 0, 1, 0, 0, 22.22%, 1, 0, 1, 166.99, 938164, 2, 47393, 0
1201, 3131, 0, 1, 0, 0, 22.22%, 1, 0, 1, 230.20, 939436, 2, 47518, 0
1206, 3134, 0, 1, 0, 0, 22.22%, 1, 0, 1, 177.50, 940370, 2, 47717, 0
1211, 3137, 0, 1, 0, 0, 22.22%, 1, 0, 1, 195.52, 941334, 2, 47859, 0
1216, 3142, 0, 1, 0, 0, 22.22%, 1, 0, 1, 293.38, 942886, 2, 48054, 0
1221, 3150, 0, 1, 0, 0, 22.22%, 1, 0, 1, 423.93, 945248, 2, 48449, 0
1226, 3156, 0, 1, 0, 0, 22.22%, 1, 0, 1, 379.22, 947086, 2, 48851, 0
1231, 3164, 0, 1, 0, 0, 22.22%, 1, 0, 1, 435.18, 949496, 2, 49243, 0
1236, 3174, 0, 1, 0, 0, 22.22%, 1, 0, 1, 549.52, 952356, 2, 49643, 0
1241, 3184, 0, 1, 0, 0, 22.22%, 1, 0, 1, 579.18, 955438, 2, 50145, 0
1246, 3193, 0, 1, 0, 0, 22.22%, 1, 0, 1, 534.87, 958006, 2, 50553, 0
1252, 3202, 0, 1, 0, 0, 22.22%, 1, 0, 1, 544.36, 960646, 2, 50985, 0
1257, 3210, 0, 1, 0, 0, 22.22%, 1, 0, 1, 488.18, 963236, 2, 51429, 0
1262, 3217, 0, 1, 0, 0, 22.22%, 1, 0, 1, 428.62, 965172, 2, 51715, 0
1267, 3225, 0, 1, 0, 0, 22.22%, 1, 0, 1, 498.24, 967815, 2, 52146, 0
1272, 3231, 0, 1, 0, 0, 22.22%, 1, 0, 1, 388.53, 969607, 2, 52559, 0
1277, 3237, 0, 1, 0, 0, 22.22%, 1, 0, 1, 340.50, 971228, 2, 52869, 0
1282, 3244, 0, 1, 0, 0, 22.22%, 1, 0, 1, 420.84, 973296, 2, 53139, 0
1287, 3250, 0, 1, 0, 0, 22.22%, 1, 0, 1, 374.18, 975186, 2, 53524, 0
1292, 3256, 0, 1, 0, 0, 22.22%, 1, 0, 1, 345.87, 976958, 2, 53865, 0
1297, 3262, 0, 1, 0, 0, 22.22%, 1, 0, 1, 360.46, 978872, 2, 54217, 0
1302, 3268, 0, 1, 0, 0, 22.22%, 1, 0, 1, 343.48, 980565, 2, 54563, 0
1307, 3276, 0, 1, 0, 0, 22.22%, 1, 0, 1, 479.12, 983052, 2, 54927, 0
1312, 3286, 0, 1, 0, 0, 22.22%, 1, 0, 1, 543.56, 985826, 2, 55422, 0
1317, 3297, 0, 1, 0, 0, 22.22%, 1, 0, 1, 629.72, 989140, 2, 55983, 0
1323, 3306, 0, 1, 0, 0, 22.22%, 1, 0, 1, 575.84, 992004, 2, 56517, 0
1328, 3317, 0, 1, 0, 0, 22.22%, 1, 0, 1, 595.46, 995127, 2, 57020, 0
1333, 3326, 0, 1, 0, 0, 22.22%, 1, 0, 1, 518.69, 997846, 2, 57497, 0
1338, 3333, 0, 1, 0, 0, 22.22%, 1, 0, 1, 461.89, 1000115, 2, 57843, 0
1343, 3337, 0, 1, 0, 0, 22.22%, 1, 0, 1, 331.60, 1001312, 2, 58053, 0
1348, 3342, 0, 1, 0, 0, 22.22%, 1, 0, 1, 279.53, 1002661, 2, 58336, 0
1353, 3349, 0, 1, 0, 0, 22.22%, 1, 0, 1, 414.82, 1004723, 2, 58708, 0
1358, 3359, 0, 1, 0, 0, 22.22%, 1, 0, 1, 570.66, 1007949, 2, 59282, 0
1363, 3372, 0, 1, 0, 0, 22.22%, 1, 0, 1, 723.80, 1011714, 2, 59806, 0
1368, 3383, 0, 1, 0, 0, 22.22%, 1, 0, 1, 669.13, 1015081, 2, 60332, 0
1374, 3391, 0, 1, 0, 0, 22.22%, 1, 0, 1, 492.65, 1017436, 2, 60654, 0
1379, 3399, 0, 1, 0, 0, 22.22%, 1, 0, 1, 483.30, 1019779, 2, 60942, 0
1384, 3406, 0, 1, 0, 0, 22.22%, 1, 0, 1, 450.87, 1021970, 2, 61230, 0
1389, 3414, 0, 1, 0, 0, 22.22%, 1, 0, 1, 489.95, 1024443, 2, 61651, 0
1394, 3421, 0, 1, 0, 0, 22.22%, 1, 0, 1, 425.83, 1026472, 2, 62044, 0
1399, 3428, 0, 1, 0, 0, 22.22%, 1, 0, 1, 409.75, 1028496, 2, 62307, 0
1404, 3437, 0, 1, 0, 0, 22.22%, 1, 0, 1, 551.64, 1031176, 2, 62842, 0
1409, 3450, 0, 1, 0, 0, 22.22%, 1, 0, 1, 734.45, 1035130, 2, 63423, 0
1414, 3462, 0, 1, 0, 0, 22.22%, 1, 0, 1, 726.03, 1038886, 2, 64135, 0
1419, 3475, 0, 1, 0, 0, 22.22%, 1, 0, 1, 770.78, 1042761, 2, 64854, 0
1424, 3489, 0, 1, 0, 0, 22.22%, 1, 0, 1, 778.12, 1046876, 2, 65562, 0
1429, 3500, 0, 1, 0, 0, 22.22%, 1, 0, 1, 695.18, 1050307, 2, 66306, 0
1435, 3513, 0, 1, 0, 0, 22.22%, 1, 0, 1, 757.88, 1054106, 2, 67028, 0
1440, 3526, 0, 1, 0, 0, 22.22%, 1, 0, 1, 746.23, 1057946, 2, 67612, 0
1445, 3538, 0, 1, 0, 0, 22.22%, 1, 0, 1, 701.55, 1061500, 2, 68215, 0
1450, 3550, 0, 1, 0, 0, 22.22%, 1, 0, 1, 668.32, 1065115, 2, 68800, 0
1455, 3560, 0, 1, 0, 0, 22.22%, 1, 0, 1, 585.66, 1068127, 2, 69257, 0
1460, 3569, 0, 1, 0, 0, 22.22%, 1, 0, 1, 538.72, 1070876, 2, 69653, 0
1465, 3577, 0, 1, 0, 0, 22.22%, 1, 0, 1, 512.09, 1073396, 2, 69993, 0
1470, 3586, 0, 1, 0, 0, 22.22%, 1, 0, 1, 486.89, 1075888, 2, 70401, 0
1475, 3594, 0, 1, 0, 0, 22.22%, 1, 0, 1, 482.92, 1078397, 2, 70794, 0
1480, 3603, 0, 1, 0, 0, 22.22%, 1, 0, 1, 526.03, 1080956, 2, 71237, 0
1485, 3611, 0, 1, 0, 0, 22.22%, 1, 0, 1, 513.87, 1083515, 2, 71647, 0
1490, 3619, 0, 1, 0, 0, 22.22%, 1, 0, 1, 512.41, 1085925, 2, 72127, 0
1495, 3632, 0, 1, 0, 0, 22.22%, 1, 0, 1, 701.20, 1089700, 2, 72743, 0
1500, 3642, 0, 1, 0, 0, 22.22%, 1, 0, 1, 625.74, 1092900, 2, 73417, 0
1505, 3655, 0, 1, 0, 0, 22.22%, 1, 0, 1, 712.33, 1096686, 2, 74043, 0
1511, 3669, 0, 1, 0, 0, 22.22%, 1, 0, 1, 799.36, 1100880, 2, 74600, 0
1516, 3681, 0, 1, 0, 0, 22.22%, 1, 0, 1, 713.15, 1104358, 2, 75210, 0
1521, 3691, 0, 1, 0, 0, 22.22%, 1, 0, 1, 608.51, 1107493, 2, 75821, 0
1526, 3703, 0, 1, 0, 0, 22.22%, 1, 0, 1, 685.26, 1111068, 2, 76343, 0
1531, 3713, 0, 1, 0, 0, 22.22%, 1, 0, 1, 602.28, 1114076, 2, 76836, 0
1536, 3723, 0, 1, 0, 0, 22.22%, 1, 0, 1, 624.27, 1117052, 2, 77293, 0
1541, 3731, 0, 1, 0, 0, 22.22%, 1, 0, 1, 516.42, 1119506, 2, 77702, 0
1546, 3739, 0, 1, 0, 0, 22.22%, 1, 0, 1, 470.52, 1122015, 2, 78111, 0
1551, 3748, 0, 1, 0, 0, 22.22%, 1, 0, 1, 486.54, 1124525, 2, 78578, 0
1556, 3757, 0, 1, 0, 0, 22.22%, 1, 0, 1, 546.78, 1127386, 2, 79047, 0
1561, 3767, 0, 1, 0, 0, 22.22%, 1, 0, 1, 559.22, 1130327, 2, 79477, 0
1566, 3775, 0, 1, 0, 0, 22.22%, 1, 0, 1, 505.59, 1132806, 2, 79912, 0
1572, 3786, 0, 1, 0, 0, 22.22%, 1, 0, 1, 573.87, 1135893, 2, 80411, 0
1577, 3794, 0, 1, 0, 0, 22.22%, 1, 0, 1, 515.03, 1138476, 2, 80893, 0
1582, 3806, 0, 1, 0, 0, 22.22%, 1, 0, 1, 647.83, 1141952, 2, 81423, 0
1587, 3817, 0, 1, 0, 0, 22.22%, 1, 0, 1, 672.25, 1145307, 2, 82058, 0
1592, 3828, 0, 1, 0, 0, 22.22%, 1, 0, 1, 664.79, 1148707, 2, 82492, 0
1597, 3840, 0, 1, 0, 0, 22.22%, 1, 0, 1, 650.79, 1152081, 2, 83011, 0
1603, 3844, 0, 1, 0, 0, 22.22%, 1, 0, 1, 127.38, 1153378, 2, 83212, 0
1608, 3849, 0, 1, 0, 0, 22.22%, 1, 0, 1, 161.81, 1154742, 2, 83423, 0
1613, 3855, 0, 1, 0, 0, 22.22%, 1, 0, 1, 363.18, 1156814, 2, 83853, 0
1618, 3864, 0, 1, 0, 0, 22.22%, 1, 0, 1, 466.27, 1159279, 2, 84221, 0
1623, 3869, 0, 1, 0, 0, 22.22%, 1, 0, 1, 313.23, 1160740, 2, 84509, 0
1628, 3876, 0, 1, 0, 0, 22.22%, 1, 0, 1, 431.11, 1162904, 2, 84879, 0
1633, 3883, 0, 1, 0, 0, 22.22%, 1, 0, 1, 466.02, 1165096, 2, 85217, 0
1638, 3890, 0, 1, 0, 0, 22.22%, 1, 0, 1, 430.86, 1167304, 2, 85570, 0
1643, 3895, 0, 1, 0, 0, 22.22%, 1, 0, 1, 145.71, 1168696, 2, 85715, 0
1648, 3897, 0, 1, 0, 0, 22.22%, 1, 0, 1, 108.84, 1169190, 2, 85759, 0
1653, 3898, 0, 1, 0, 0, 22.22%, 1, 0, 1, 87.87, 1169612, 2, 85808, 0
1659, 3901, 0, 1, 0, 0, 22.22%, 1, 0, 1, 163.93, 1170328, 2, 85915, 0
1664, 3913, 0, 1, 0, 0, 22.22%, 1, 0, 1, 764.42, 1174076, 2, 86380, 0
1669, 3926, 0, 1, 0, 0, 22.22%, 1, 0, 1, 767.91, 1178106, 2, 87104, 0
1674, 3938, 0, 1, 0, 0, 22.22%, 1, 0, 1, 698.29, 1181507, 2, 87705, 0
1679, 3951, 0, 1, 0, 0, 22.22%, 1, 0, 1, 782.84, 1185406, 2, 88366, 0
1684, 3965, 0, 1, 0, 0, 22.22%, 1, 0, 1, 827.02, 1189732, 2, 88998, 0
1689, 3978, 0, 1, 0, 0, 22.22%, 1, 0, 1, 755.33, 1193706, 2, 89604, 0
1694, 3991, 0, 1, 0, 0, 22.22%, 1, 0, 1, 708.80, 1197372, 2, 90142, 0
1699, 4003, 0, 1, 0, 0, 22.22%, 1, 0, 1, 709.96, 1200944, 2, 90727, 0
1704, 4013, 0, 1, 0, 0, 22.22%, 1, 0, 1, 651.36, 1204040, 2, 91339, 0
1709, 4025, 0, 1, 0, 0, 22.22%, 1, 0, 1, 719.57, 1207772, 2, 91943, 0
1715, 4039, 0, 1, 0, 0, 22.22%, 1, 0, 1, 776.70, 1211846, 2, 92567, 0
1720, 4051, 0, 1, 0, 0, 22.22%, 1, 0, 1, 700.42, 1215368, 2, 93217, 0
1725, 4062, 0, 1, 0, 0, 22.22%, 1, 0, 1, 726.04, 1218872, 2, 93788, 0
1730, 4074, 0, 1, 0, 0, 22.22%, 1, 0, 1, 650.15, 1222229, 2, 94346, 0
1735, 4084, 0, 1, 0, 0, 22.22%, 1, 0, 1, 618.79, 1225340, 2, 94859, 0
1740, 4086, 0, 1, 0, 0, 22.22%, 1, 0, 1, 101.54, 1226106, 2, 95005, 0
1745, 4089, 0, 1, 0, 0, 22.22%, 1, 0, 1, 124.72, 1226760, 2, 95059, 0
1750, 4091, 0, 1, 0, 0, 22.22%, 1, 0, 1, 157.50, 1227516, 2, 95109, 0
1755, 4093, 0, 1, 0, 0, 22.22%, 1, 0, 1, 117.86, 1228078, 2, 95147, 0
1761, 4096, 0, 1, 0, 0, 22.22%, 1, 0, 1, 131.88, 1228824, 2, 95215, 0
1766, 4097, 0, 1, 0, 0, 22.22%, 1, 0, 1, 106.02, 1229366, 2, 95262, 0
1771, 4104, 0, 1, 0, 0, 22.22%, 1, 0, 1, 448.89, 1231372, 2, 95646, 0
1776, 4115, 0, 1, 0, 0, 22.22%, 1, 0, 1, 656.49, 1234755, 2, 96277, 0
1781, 4126, 0, 1, 0, 0, 22.22%, 1, 0, 1, 645.77, 1238100, 2, 96845, 0
1786, 4138, 0, 1, 0, 0, 22.22%, 1, 0, 1, 683.76, 1241429, 2, 97338, 0
1791, 4148, 0, 1, 0, 0, 22.22%, 1, 0, 1, 654.73, 1244576, 2, 97892, 0
1796, 4158, 0, 1, 0, 0, 22.22%, 1, 0, 1, 614.13, 1247540, 2, 98478, 0
1801, 4170, 0, 1, 0, 0, 22.22%, 1, 0, 1, 684.97, 1251086, 2, 99056, 0
1806, 4181, 0, 1, 0, 0, 22.22%, 1, 0, 1, 689.51, 1254481, 2, 99698, 0
1811, 4191, 0, 1, 0, 0, 22.22%, 1, 0, 1, 602.85, 1257600, 2, 100278, 0
1816, 4202, 0, 1, 0, 0, 22.22%, 1, 0, 1, 626.78, 1260900, 2, 100851, 0
1821, 4213, 0, 1, 0, 0, 22.22%, 1, 0, 1, 583.49, 1263938, 2, 101388, 0
1826, 4216, 0, 1, 0, 0, 22.22%, 1, 0, 1, 93.66, 1265113, 2, 101560, 0
1832, 4218, 0, 1, 0, 0, 22.22%, 1, 0, 1, 121.51, 1265704, 2, 101614, 0
1837, 4220, 0, 1, 0, 0, 22.22%, 1, 0, 1, 104.40, 1266272, 2, 101657, 0
1842, 4222, 0, 1, 0, 0, 22.22%, 1, 0, 1, 112.97, 1266830, 2, 101731, 0
1847, 4225, 0, 1, 0, 0, 22.22%, 1, 0, 1, 133.19, 1267594, 2, 101799, 0
1852, 4227, 0, 1, 0, 0, 22.22%, 1, 0, 1, 116.92, 1268170, 2, 101844, 0
1857, 4228, 0, 1, 0, 0, 22.22%, 1, 0, 1, 97.42, 1268624, 2, 101892, 0
1862, 4230, 0, 1, 0, 0, 22.22%, 1, 0, 1, 84.05, 1269031, 2, 101912, 0
1867, 4231, 0, 1, 0, 0, 22.22%, 1, 0, 1, 85.06, 1269487, 2, 101960, 0
1872, 4233, 0, 1, 0, 0, 22.22%, 1, 0, 1, 103.27, 1269976, 2, 102022, 0
1877, 4234, 0, 1, 0, 0, 22.22%, 1, 0, 1, 106.58, 1270458, 2, 102078, 0
1882, 4246, 0, 1, 0, 0, 22.22%, 1, 0, 1, 699.64, 1273930, 2, 102757, 0
1887, 4260, 0, 1, 0, 0, 22.22%, 1, 0, 1, 816.18, 1278176, 2, 103452, 0
1893, 4274, 0, 1, 0, 0, 22.22%, 1, 0, 1, 788.75, 1282232, 2, 104159, 0
1898, 4286, 0, 1, 0, 0, 22.22%, 1, 0, 1, 743.89, 1285976, 2, 104835, 0
1903, 4299, 0, 1, 0, 0, 22.22%, 1, 0, 1, 768.27, 1289761, 2, 105568, 0
1908, 4312, 0, 1, 0, 0, 22.22%, 1, 0, 1, 784.44, 1293676, 2, 106178, 0
1913, 4326, 0, 1, 0, 0, 22.22%, 1, 0, 1, 846.35, 1297896, 2, 106806, 0
1918, 4338, 0, 1, 0, 0, 22.22%, 1, 0, 1, 776.58, 1301706, 2, 107450, 0
1923, 4351, 0, 1, 0, 0, 22.22%, 1, 0, 1, 707.02, 1305386, 2, 108103, 0
1928, 4362, 0, 1, 0, 0, 22.22%, 1, 0, 1, 704.85, 1308858, 2, 108763, 0
1933, 4371, 0, 1, 0, 0, 22.22%, 1, 0, 1, 529.51, 1311456, 2, 109247, 0
1938, 4380, 0, 1, 0, 0, 22.22%, 1, 0, 1, 530.59, 1314226, 2, 109749, 0
1944, 4383, 0, 1, 0, 0, 22.22%, 1, 0, 1, 161.69, 1315106, 2, 109933, 0
1949, 4393, 0, 1, 0, 0, 22.22%, 1, 0, 1, 493.66, 1318015, 2, 110342, 0
1954, 4404, 0, 1, 0, 0, 22.22%, 1, 0, 1, 642.99, 1321440, 2, 110848, 0
1959, 4414, 0, 1, 0, 0, 22.22%, 1, 0, 1, 575.66, 1324382, 2, 111339, 0
1964, 4420, 0, 1, 0, 0, 22.22%, 1, 0, 1, 89.87, 1326266, 2, 111637, 0
1969, 4422, 0, 1, 0, 0, 22.22%, 1, 0, 1, 103.28, 1326856, 2, 111686, 0
1974, 4425, 0, 1, 0, 0, 22.22%, 1, 0, 1, 123.39, 1327544, 2, 111753, 0
1979, 4426, 0, 1, 0, 0, 22.22%, 1, 0, 1, 112.77, 1328106, 2, 111813, 0
1984, 4429, 0, 1, 0, 0, 22.22%, 1, 0, 1, 154.98, 1328922, 2, 111861, 0
1990, 4432, 0, 1, 0, 0, 22.22%, 1, 0, 1, 142.57, 1329632, 2, 111950, 0
1995, 4434, 0, 1, 0, 0, 22.22%, 1, 0, 1, 132.69, 1330284, 2, 112031, 0
2000, 4436, 0, 1, 0, 0, 22.22%, 1, 0, 1, 149.97, 1331046, 2, 112085, 0
2005, 4437, 0, 1, 0, 0, 22.22%, 1, 0, 1, 45.94, 1331396, 2, 112115, 0
2010, 4439, 0, 1, 0, 0, 22.22%, 1, 0, 1, 75.97, 1331824, 2, 112177, 0
2015, 4440, 0, 1, 0, 0, 22.22%, 1, 0, 1, 76.08, 1332160, 2, 112206, 0
2020, 4441, 0, 1, 0, 0, 22.22%, 1, 0, 1, 90.58, 1332579, 2, 112250, 0
2025, 4443, 0, 1, 0, 0, 22.22%, 1, 0, 1, 89.42, 1333040, 2, 112294, 0
2030, 4445, 0, 1, 0, 0, 22.22%, 1, 0, 1, 118.15, 1333736, 2, 112355, 0
2036, 4447, 0, 1, 0, 0, 22.22%, 1, 0, 1, 112.10, 1334306, 2, 112437, 0
2041, 4449, 0, 1, 0, 0, 22.22%, 1, 0, 1, 123.60, 1334932, 2, 112479, 0
2046, 4455, 0, 1, 0, 0, 22.22%, 1, 0, 1, 373.94, 1336786, 2, 112818, 0
2051, 4467, 0, 1, 0, 0, 22.22%, 1, 0, 1, 632.66, 1340212, 2, 113450, 0
2056, 4477, 0, 1, 0, 0, 22.22%, 1, 0, 1, 635.76, 1343415, 2, 113947, 0
2061, 4488, 0, 1, 0, 0, 22.22%, 1, 0, 1, 607.94, 1346576, 2, 114545, 0
2066, 4501, 0, 1, 0, 0, 22.22%, 1, 0, 1, 726.00, 1350486, 2, 115188, 0
2071, 4510, 0, 1, 0, 0, 22.22%, 1, 0, 1, 614.49, 1353276, 2, 115646, 0
2077, 4518, 0, 1, 0, 0, 22.22%, 1, 0, 1, 71.98, 1355439, 2, 115964, 0
2082, 4519, 0, 1, 0, 0, 22.22%, 1, 0, 1, 97.75, 1355989, 2, 116012, 0
2087, 4522, 0, 1, 0, 0, 22.22%, 1, 0, 1, 792.30, 1356864, 2, 116096, 0
2092, 4529, 0, 1, 0, 0, 22.22%, 1, 0, 1, 462.57, 1358961, 2, 116569, 0
2097, 4534, 0, 1, 0, 0, 22.22%, 1, 0, 1, 197.40, 1360488, 2, 116831, 0
2102, 4543, 0, 1, 0, 0, 22.22%, 1, 0, 1, 431.01, 1363064, 2, 117282, 0
2107, 4550, 0, 1, 0, 0, 22.22%, 1, 0, 1, 405.91, 1365148, 2, 117645, 0
2112, 4554, 0, 1, 0, 0, 22.22%, 1, 0, 1, 310.21, 1366452, 2, 117887, 0
2117, 4559, 0, 1, 0, 0, 22.22%, 1, 0, 1, 304.06, 1368015, 2, 118200, 0
2122, 4564, 0, 1, 0, 0, 22.22%, 1, 0, 1, 280.61, 1369316, 2, 118476, 0
2127, 4570, 0, 1, 0, 0, 22.22%, 1, 0, 1, 371.19, 1371114, 2, 118756, 0
2133, 4576, 0, 1, 0, 0, 22.22%, 1, 0, 1, 308.44, 1372856, 2, 119007, 0
2138, 4580, 0, 1, 0, 0, 22.22%, 1, 0, 1, 240.95, 1374021, 2, 119179, 0
2143, 4585, 0, 1, 0, 0, 22.22%, 1, 0, 1, 306.19, 1375516, 2, 119407, 0
2148, 4590, 0, 1, 0, 0, 22.22%, 1, 0, 1, 283.59, 1377021, 2, 119682, 0
2153, 4590, 0, 1, 0, 0, 22.22%, 1, 0, 1, 52.32, 1377265, 2, 119688, 0
2158, 4591, 0, 1, 0, 0, 22.22%, 1, 0, 1, 62.80, 1377455, 2, 119698, 0
2164, 4594, 0, 1, 0, 0, 22.22%, 1, 0, 1, 201.24, 1378361, 2, 119789, 0
2169, 4597, 0, 1, 0, 0, 22.22%, 1, 0, 1, 103.61, 1379264, 2, 119960, 0
2174, 4601, 0, 1, 0, 0, 22.22%, 1, 0, 1, 228.93, 1380532, 2, 120186, 0
2179, 4604, 0, 1, 0, 0, 22.22%, 1, 0, 1, 197.82, 1381446, 2, 120347, 0
2184, 4608, 0, 1, 0, 0, 22.22%, 1, 0, 1, 204.38, 1382636, 2, 120473, 0
2189, 4610, 0, 1, 0, 0, 22.22%, 1, 0, 1, 118.51, 1383266, 2, 120555, 0
2194, 4611, 0, 1, 0, 0, 22.22%, 1, 0, 1, 67.22, 1383542, 2, 120559, 0
2199, 4612, 0, 1, 0, 0, 22.22%, 1, 0, 1, 51.08, 1383792, 2, 120563, 0
2204, 4613, 0, 1, 0, 0, 22.22%, 1, 0, 1, 22.37, 1383921, 2, 120565, 0
2209, 4614, 0, 1, 0, 0, 22.22%, 1, 0, 1, 79.06, 1384316, 2, 120591, 0
2215, 4617, 0, 1, 0, 0, 22.22%, 1, 0, 1, 173.14, 1385122, 2, 120697, 0
2220, 4619, 0, 1, 0, 0, 22.22%, 1, 0, 1, 145.84, 1385837, 2, 120810, 0
2225, 4620, 0, 1, 0, 0, 22.22%, 1, 0, 1, 27.29, 1386204, 2, 120846, 0
2230, 4621, 0, 1, 0, 0, 22.22%, 1, 0, 1, 39.48, 1386381, 2, 120865, 0
2235, 4621, 0, 1, 0, 0, 22.22%, 1, 0, 1, 39.79, 1386599, 2, 120885, 0
2240, 4623, 0, 1, 0, 0, 22.22%, 1, 0, 1, 75.85, 1387023, 2, 120921, 0
2246, 4624, 0, 1, 0, 0, 22.22%, 1, 0, 1, 61.68, 1387332, 2, 120939, 0
2251, 4625, 0, 1, 0, 0, 22.22%, 1, 0, 1, 78.29, 1387774, 2, 120972, 0
2256, 4626, 0, 1, 0, 0, 22.22%, 1, 0, 1, 61.60, 1388065, 2, 120980, 0
2261, 4627, 0, 1, 0, 0, 22.22%, 1, 0, 1, 45.30, 1388280, 2, 120983, 0
2266, 4628, 0, 1, 0, 0, 22.22%, 1, 0, 1, 78.82, 1388452, 2, 120985, 0
2271, 4628, 0, 1, 0, 0, 22.22%, 1, 0, 1, 259.16, 1388676, 2, 120987, 0
2276, 4629, 0, 1, 0, 0, 22.22%, 1, 0, 1, 23.68, 1388945, 2, 120996, 0
2281, 4634, 0, 1, 0, 0, 22.22%, 1, 0, 1, 491.62, 1390406, 2, 121164, 0
2286, 4639, 0, 1, 0, 0, 22.22%, 1, 0, 1, 334.08, 1391840, 2, 121352, 0
2292, 4642, 0, 1, 0, 0, 22.22%, 1, 0, 1, 93.95, 1392846, 2, 121430, 0
2297, 4646, 0, 1, 0, 0, 22.22%, 1, 0, 1, 316.15, 1393852, 2, 121543, 0
2302, 4650, 0, 1, 0, 0, 22.22%, 1, 0, 1, 272.52, 1395041, 2, 121721, 0
2307, 4656, 0, 1, 0, 0, 22.22%, 1, 0, 1, 340.75, 1396830, 2, 122000, 0
2312, 4662, 0, 1, 0, 0, 22.22%, 1, 0, 1, 388.11, 1398700, 2, 122238, 0
2317, 4666, 0, 1, 0, 0, 22.22%, 1, 0, 1, 267.31, 1399896, 2, 122481, 0
2322, 4670, 0, 1, 0, 0, 22.22%, 1, 0, 1, 109.17, 1401154, 2, 122596, 0
2327, 4673, 0, 1, 0, 0, 22.22%, 1, 0, 1, 175.97, 1402116, 2, 122713, 0
2332, 4676, 0, 1, 0, 0, 22.22%, 1, 0, 1, 197.84, 1403048, 2, 122846, 0
2337, 4681, 0, 1, 0, 0, 22.22%, 1, 0, 1, 241.14, 1404386, 2, 123052, 0
2342, 4685, 0, 1, 0, 0, 22.22%, 1, 0, 1, 268.46, 1405731, 2, 123271, 0
2347, 4689, 0, 1, 0, 0, 22.22%, 1, 0, 1, 235.56, 1406924, 2, 123505, 0
2352, 4694, 0, 1, 0, 0, 22.22%, 1, 0, 1, 270.97, 1408276, 2, 123629, 0
2358, 4697, 0, 1, 0, 0, 22.22%, 1, 0, 1, 524.41, 1409346, 2, 123781, 0
2363, 4701, 0, 1, 0, 0, 22.22%, 1, 0, 1, 83.76, 1410383, 2, 123948, 0
2368, 4704, 0, 1, 0, 0, 22.22%, 1, 0, 1, 176.97, 1411443, 2, 124091, 0
2373, 4707, 0, 1, 0, 0, 22.22%, 1, 0, 1, 184.78, 1412315, 2, 124240, 0
2378, 4710, 0, 1, 0, 0, 22.22%, 1, 0, 1, 174.69, 1413022, 2, 124326, 0
2383, 4712, 0, 1, 0, 0, 22.22%, 1, 0, 1, 158.04, 1413788, 2, 124422, 0
2388, 4715, 0, 1, 0, 0, 22.22%, 1, 0, 1, 632.42, 1414568, 2, 124527, 0
2389, 4715, 0, 1, 0, 0, 22.22%, 1, 0, 1, 272.28, 1414660, 2, 124551, 0
