# relative_time, cycles_done, cur_item, corpus_count, pending_total, pending_favs, map_size, saved_crashes, saved_hangs, max_depth, execs_per_sec, total_execs, edges_found, total_crashes, servers_count
61, 969, 0, 1, 0, 0, 22.22%, 0, 0, 1, 5232.85, 290813, 2, 0, 0
66, 1059, 0, 1, 0, 0, 22.22%, 0, 0, 1, 5280.45, 317813, 2, 0, 0
71, 1137, 0, 1, 0, 0, 22.22%, 0, 0, 1, 4719.71, 341411, 2, 0, 0
76, 1178, 0, 1, 0, 0, 22.22%, 0, 0, 1, 2926.22, 353613, 2, 0, 0
81, 1222, 0, 1, 0, 0, 22.22%, 0, 0, 1, 2699.04, 366713, 2, 0, 0
86, 1264, 0, 1, 0, 0, 22.22%, 0, 0, 1, 2490.48, 379312, 2, 0, 0
91, 1309, 0, 1, 0, 0, 22.22%, 0, 0, 1, 2726.07, 392868, 2, 0, 0
96, 1353, 0, 1, 0, 0, 22.22%, 0, 0, 1, 2597.66, 406113, 2, 0, 0
101, 1394, 0, 1, 0, 0, 22.22%, 0, 0, 1, 2791.12, 418468, 2, 0, 0
106, 1442, 0, 1, 0, 0, 22.22%, 0, 0, 1, 2571.47, 432813, 2, 0, 0
112, 1478, 0, 1, 0, 0, 22.22%, 0, 0, 1, 2250.45, 443658, 2, 0, 0
117, 1513, 0, 1, 0, 0, 22.22%, 0, 0, 1, 2042.57, 454194, 2, 0, 0
122, 1547, 0, 1, 0, 0, 22.22%, 0, 0, 1, 2005.90, 464194, 2, 0, 0
127, 1578, 0, 1, 0, 0, 22.22%, 0, 0, 1, 1934.59, 473552, 2, 0, 0
132, 1605, 0, 1, 0, 0, 22.22%, 0, 0, 1, 1517.85, 481546, 2, 0, 0
137, 1628, 0, 1, 0, 0, 22.22%, 0, 0, 1, 1477.74, 488673, 2, 0, 0
142, 1678, 0, 1, 0, 0, 22.22%, 0, 0, 1, 2875.86, 503714, 2, 0, 0
147, 1766, 0, 1, 0, 0, 22.22%, 0, 0, 1, 4675.32, 530007, 2, 0, 0
153, 1857, 0, 1, 0, 0, 22.22%, 0, 0, 1, 5094.44, 557414, 2, 0, 0
158, 1932, 0, 1, 0, 0, 22.22%, 0, 0, 1, 4615.33, 579808, 2, 0, 0
163, 1980, 0, 1, 0, 0, 22.22%, 0, 0, 1, 2922.60, 594074, 2, 0, 0
168, 2019, 0, 1, 0, 0, 22.22%, 0, 0, 1, 2481.83, 605764, 2, 0, 0
173, 2072, 0, 1, 0, 0, 22.22%, 0, 0, 1, 3202.79, 621678, 2, 0, 0
178, 2122, 0, 1, 0, 0, 22.22%, 0, 0, 1, 2859.04, 636671, 2, 0, 0
183, 2159, 0, 1, 0, 0, 22.22%, 0, 0, 1, 2310.26, 647907, 2, 0, 0
188, 2194, 0, 1, 0, 0, 22.22%, 0, 0, 1, 2139.57, 658299, 2, 0, 0
193, 2227, 0, 1, 0, 0, 22.22%, 0, 0, 1, 1898.65, 668189, 2, 0, 0
198, 2267, 0, 1, 0, 0, 22.22%, 0, 0, 1, 2211.83, 680358, 2, 0, 0
203, 2320, 0, 1, 0, 0, 22.22%, 0, 0, 1, 3237.37, 696078, 2, 0, 0
208, 2395, 0, 1, 0, 0, 22.22%, 0, 0, 1, 4352.95, 718814, 2, 0, 0
214, 2481, 0, 1, 0, 0, 22.22%, 0, 0, 1, 4810.70, 744511, 2, 0, 0
219, 2560, 0, 1, 0, 0, 22.22%, 0, 0, 1, 4736.38, 768309, 2, 0, 0
224, 2645, 0, 1, 0, 0, 22.22%, 0, 0, 1, 4850.81, 793612, 2, 0, 0
229, 2722, 0, 1, 0, 0, 22.22%, 0, 0, 1, 4680.53, 816908, 2, 0, 0
234, 2799, 0, 1, 0, 0, 22.22%, 0, 0, 1, 4542.33, 839805, 2, 0, 0
239, 2871, 0, 1, 0, 0, 22.22%, 0, 0, 1, 4346.82, 861401, 2, 0, 0
244, 2943, 0, 1, 0, 0, 22.22%, 0, 0, 1, 4273.59, 883100, 2, 0, 0
249, 3006, 0, 1, 0, 0, 22.22%, 0, 0, 1, 3804.36, 902014, 2, 0, 0
254, 3077, 0, 1, 0, 0, 22.22%, 0, 0, 1, 4297.17, 923200, 2, 0, 0
260, 3151, 0, 1, 0, 0, 22.22%, 0, 0, 1, 4506.13, 945404, 2, 0, 0
265, 3235, 0, 1, 0, 0, 22.22%, 0, 0, 1, 4803.23, 970810, 2, 0, 0
270, 3318, 0, 1, 0, 0, 22.22%, 0, 0, 1, 4912.15, 995713, 2, 0, 0
275, 3399, 0, 1, 0, 0, 22.22%, 0, 0, 1, 4828.08, 1019812, 2, 0, 0
280, 3478, 0, 1, 0, 0, 22.22%, 0, 0, 1, 4768.78, 1043610, 2, 0, 0
285, 3551, 0, 1, 0, 0, 22.22%, 0, 0, 1, 4415.22, 1065502, 2, 0, 0
290, 3632, 0, 1, 0, 0, 22.22%, 0, 0, 1, 4638.78, 1089908, 2, 0, 0
295, 3693, 0, 1, 0, 0, 22.22%, 0, 0, 1, 3574.50, 1108186, 2, 0, 0
300, 3754, 0, 1, 0, 0, 22.22%, 0, 0, 1, 3416.78, 1126383, 2, 0, 0
305, 3817, 0, 1, 0, 0, 22.22%, 0, 0, 1, 3621.44, 1145287, 2, 0, 0
311, 3867, 0, 1, 0, 0, 22.22%, 0, 0, 1, 3098.73, 1160414, 2, 0, 0
316, 3903, 0, 1, 0, 0, 22.22%, 0, 0, 1, 2199.13, 1171005, 2, 0, 0
321, 3950, 0, 1, 0, 0, 22.22%, 0, 0, 1, 2854.54, 1185114, 2, 0, 0
326, 4014, 0, 1, 0, 0, 22.22%, 0, 0, 1, 3578.26, 1204387, 2, 0, 0
331, 4081, 0, 1, 0, 0, 22.22%, 0, 0, 1, 3841.31, 1224391, 2, 0, 0
336, 4144, 0, 1, 0, 0, 22.22%, 0, 0, 1, 3794.89, 1243490, 2, 0, 0
341, 4208, 0, 1, 0, 0, 22.22%, 0, 0, 1, 3862.55, 1262692, 2, 0, 0
346, 4271, 0, 1, 0, 0, 22.22%, 0, 0, 1, 3681.87, 1281587, 2, 0, 0
352, 4339, 0, 1, 0, 0, 22.22%, 0, 0, 1, 3855.76, 1301792, 2, 0, 0
357, 4402, 0, 1, 0, 0, 22.22%, 0, 0, 1, 3900.56, 1320892, 2, 0, 0
362, 4472, 0, 1, 0, 0, 22.22%, 0, 0, 1, 4123.39, 1341797, 2, 0, 0
367, 4540, 0, 1, 0, 0, 22.22%, 0, 0, 1, 4064.76, 1362196, 2, 0, 0
372, 4609, 0, 1, 0, 0, 22.22%, 0, 0, 1, 3985.85, 1382894, 2, 0, 0
377, 4674, 0, 1, 0, 0, 22.22%, 0, 0, 1, 3871.26, 1402492, 2, 0, 0
382, 4743, 0, 1, 0, 0, 22.22%, 0, 0, 1, 3995.78, 1423194, 2, 0, 0
388, 4812, 0, 1, 0, 0, 22.22%, 0, 0, 1, 3978.78, 1443794, 2, 0, 0
393, 4883, 0, 1, 0, 0, 22.22%, 0, 0, 1, 4008.89, 1464995, 2, 0, 0
398, 4944, 0, 1, 0, 0, 22.22%, 0, 0, 1, 3712.27, 1483514, 2, 0, 0
403, 5005, 0, 1, 0, 0, 22.22%, 0, 0, 1, 3611.04, 1501587, 2, 0, 0
408, 5065, 0, 1, 0, 0, 22.22%, 0, 0, 1, 3657.44, 1519787, 2, 0, 0
414, 5131, 0, 1, 0, 0, 22.22%, 0, 0, 1, 3736.81, 1539389, 2, 0, 0
419, 5198, 0, 1, 0, 0, 22.22%, 0, 0, 1, 4067.72, 1559495, 2, 0, 0
424, 5280, 0, 1, 0, 0, 22.22%, 0, 0, 1, 4640.17, 1584307, 2, 0, 0
429, 5360, 0, 1, 0, 0, 22.22%, 0, 0, 1, 4588.73, 1608207, 2, 0, 0
434, 5437, 0, 1, 0, 0, 22.22%, 0, 0, 1, 4491.32, 1631405, 2, 0, 0
439, 5512, 0, 1, 0, 0, 22.22%, 0, 0, 1, 4562.97, 1653705, 2, 0, 0
444, 5592, 0, 1, 0, 0, 22.22%, 0, 0, 1, 4666.51, 1677708, 2, 0, 0
449, 5669, 0, 1, 0, 0, 22.22%, 0, 0, 1, 4605.38, 1701007, 2, 0, 0
455, 5746, 0, 1, 0, 0, 22.22%, 0, 0, 1, 4490.67, 1724004, 2, 0, 0
460, 5822, 0, 1, 0, 0, 22.22%, 0, 0, 1, 4436.82, 1746803, 2, 0, 0
465, 5896, 0, 1, 0, 0, 22.22%, 0, 0, 1, 4380.44, 1768904, 2, 0, 0
470, 5971, 0, 1, 0, 0, 22.22%, 0, 0, 1, 4397.31, 1791602, 2, 0, 0
475, 6035, 0, 1, 0, 0, 22.22%, 0, 0, 1, 3953.06, 1810793, 2, 0, 0
480, 6086, 0, 1, 0, 0, 22.22%, 0, 0, 1, 3070.39, 1825914, 2, 0, 0
485, 6121, 0, 1, 0, 0, 22.22%, 0, 0, 1, 2299.50, 1836561, 2, 0, 0
490, 6151, 0, 1, 0, 0, 22.22%, 0, 0, 1, 1794.59, 1845350, 2, 0, 0
495, 6184, 0, 1, 0, 0, 22.22%, 0, 0, 1, 1930.79, 1855254, 2, 0, 0
500, 6223, 0, 1, 0, 0, 22.22%, 0, 0, 1, 2272.69, 1867014, 2, 0, 0
505, 6253, 0, 1, 0, 0, 22.22%, 0, 0, 1, 1866.71, 1876187, 2, 0, 0
511, 6285, 0, 1, 0, 0, 22.22%, 0, 0, 1, 1858.31, 1885614, 2, 0, 0
516, 6316, 0, 1, 0, 0, 22.22%, 0, 0, 1, 1883.86, 1894952, 2, 0, 0
521, 6349, 0, 1, 0, 0, 22.22%, 0, 0, 1, 1934.87, 1904854, 2, 0, 0
526, 6383, 0, 1, 0, 0, 22.22%, 0, 0, 1, 2029.20, 1914955, 2, 0, 0
531, 6413, 0, 1, 0, 0, 22.22%, 0, 0, 1, 1846.09, 1923915, 2, 0, 0
536, 6446, 0, 1, 0, 0, 22.22%, 0, 0, 1, 1994.98, 1933954, 2, 0, 0
541, 6489, 0, 1, 0, 0, 22.22%, 0, 0, 1, 2305.36, 1946909, 2, 0, 0
546, 6525, 0, 1, 0, 0, 22.22%, 0, 0, 1, 2176.07, 1957758, 2, 0, 0
552, 6564, 0, 1, 0, 0, 22.22%, 0, 0, 1, 2436.64, 1969511, 2, 0, 0
557, 6601, 0, 1, 0, 0, 22.22%, 0, 0, 1, 2178.94, 1980414, 2, 0, 0
562, 6636, 0, 1, 0, 0, 22.22%, 0, 0, 1, 2080.64, 1991014, 2, 0, 0
567, 6669, 0, 1, 0, 0, 22.22%, 0, 0, 1, 1985.79, 2000893, 2, 0, 0
572, 6706, 0, 1, 0, 0, 22.22%, 0, 0, 1, 2068.62, 2011915, 2, 0, 0
577, 6743, 0, 1, 0, 0, 22.22%, 0, 0, 1, 2191.54, 2023101, 2, 0, 0
582, 6777, 0, 1, 0, 0, 22.22%, 0, 0, 1, 2020.72, 2033214, 2, 0, 0
587, 6813, 0, 1, 0, 0, 22.22%, 0, 0, 1, 2100.47, 2044097, 2, 0, 0
592, 6845, 0, 1, 0, 0, 22.22%, 0, 0, 1, 1982.52, 2053654, 2, 0, 0
597, 6875, 0, 1, 0, 0, 22.22%, 0, 0, 1, 1869.76, 2062689, 2, 0, 0
602, 6904, 0, 1, 0, 0, 22.22%, 0, 0, 1, 1641.99, 2071282, 2, 0, 0
607, 6948, 0, 1, 0, 0, 22.22%, 0, 0, 1, 2437.36, 2084612, 2, 0, 0
612, 6988, 0, 1, 0, 0, 22.22%, 0, 0, 1, 2434.44, 2096615, 2, 0, 0
617, 7030, 0, 1, 0, 0, 22.22%, 0, 0, 1, 2454.94, 2109314, 2, 0, 0
623, 7066, 0, 1, 0, 0, 22.22%, 0, 0, 1, 2108.60, 2119998, 2, 0, 0
628, 7103, 0, 1, 0, 0, 22.22%, 0, 0, 1, 2097.21, 2131100, 2, 0, 0
633, 7140, 0, 1, 0, 0, 22.22%, 0, 0, 1, 2191.68, 2142259, 2, 0, 0
638, 7171, 0, 1, 0, 0, 22.22%, 0, 0, 1, 1968.41, 2151555, 2, 0, 0
643, 7208, 0, 1, 0, 0, 22.22%, 0, 0, 1, 2164.28, 2162602, 2, 0, 0
648, 7243, 0, 1, 0, 0, 22.22%, 0, 0, 1, 2055.41, 2173215, 2, 0, 0
654, 7276, 0, 1, 0, 0, 22.22%, 0, 0, 1, 1895.99, 2183053, 2, 0, 0
659, 7309, 0, 1, 0, 0, 22.22%, 0, 0, 1, 1865.80, 2192988, 2, 0, 0
664, 7341, 0, 1, 0, 0, 22.22%, 0, 0, 1, 1901.20, 2202592, 2, 0, 0
669, 7372, 0, 1, 0, 0, 22.22%, 0, 0, 1, 1845.41, 2211852, 2, 0, 0
674, 7407, 0, 1, 0, 0, 22.22%, 0, 0, 1, 1915.47, 2222292, 2, 0, 0
679, 7437, 0, 1, 0, 0, 22.22%, 0, 0, 1, 1753.72, 2231386, 2, 0, 0
684, 7469, 0, 1, 0, 0, 22.22%, 0, 0, 1, 1828.30, 2240788, 2, 0, 0
689, 7507, 0, 1, 0, 0, 22.22%, 0, 0, 1, 2250.25, 2252160, 2, 0, 0
694, 7542, 0, 1, 0, 0, 22.22%, 0, 0, 1, 2051.76, 2262756, 2, 0, 0
699, 7573, 0, 1, 0, 0, 22.22%, 0, 0, 1, 1918.10, 2272090, 2, 0, 0
704, 7604, 0, 1, 0, 0, 22.22%, 0, 0, 1, 1850.06, 2281253, 2, 0, 0
709, 7630, 0, 1, 0, 0, 22.22%, 0, 0, 1, 1552.24, 2289046, 2, 0, 0
714, 7659, 0, 1, 0, 0, 22.22%, 0, 0, 1, 1758.57, 2297986, 2, 0, 0
719, 7689, 0, 1, 0, 0, 22.22%, 0, 0, 1, 1794.64, 2306786, 2, 0, 0
724, 7721, 0, 1, 0, 0, 22.22%, 0, 0, 1, 1875.85, 2316453, 2, 0, 0
729, 7754, 0, 1, 0, 0, 22.22%, 0, 0, 1, 1965.62, 2326394, 2, 0, 0
734, 7790, 0, 1, 0, 0, 22.22%, 0, 0, 1, 2120.72, 2337300, 2, 0, 0
740, 7830, 0, 1, 0, 0, 22.22%, 0, 0, 1, 2369.28, 2349261, 2, 0, 0
745, 7881, 0, 1, 0, 0, 22.22%, 0, 0, 1, 2919.54, 2364473, 2, 0, 0
750, 7931, 0, 1, 0, 0, 22.22%, 0, 0, 1, 3114.25, 2379477, 2, 0, 0
755, 7969, 0, 1, 0, 0, 22.22%, 0, 0, 1, 2365.90, 2390964, 2, 0, 0
760, 8017, 0, 1, 0, 0, 22.22%, 0, 0, 1, 3007.60, 2405375, 2, 0, 0
765, 8091, 0, 1, 0, 0, 22.22%, 0, 0, 1, 4126.33, 2427497, 2, 0, 0
770, 8165, 0, 1, 0, 0, 22.22%, 0, 0, 1, 4347.35, 2449803, 2, 0, 0
775, 8243, 0, 1, 0, 0, 22.22%, 0, 0, 1, 4578.89, 2473107, 2, 0, 0
780, 8323, 0, 1, 0, 0, 22.22%, 0, 0, 1, 4631.60, 2497208, 2, 0, 0
785, 8398, 0, 1, 0, 0, 22.22%, 0, 0, 1, 4354.92, 2519502, 2, 0, 0
791, 8478, 0, 1, 0, 0, 22.22%, 0, 0, 1, 4528.13, 2543606, 2, 0, 0
796, 8550, 0, 1, 0, 0, 22.22%, 0, 0, 1, 4311.37, 2565315, 2, 0, 0
801, 8623, 0, 1, 0, 0, 22.22%, 0, 0, 1, 4368.76, 2587103, 2, 0, 0
806, 8697, 0, 1, 0, 0, 22.22%, 0, 0, 1, 4371.41, 2609303, 2, 0, 0
811, 8772, 0, 1, 0, 0, 22.22%, 0, 0, 1, 4383.90, 2631903, 2, 0, 0
816, 8841, 0, 1, 0, 0, 22.22%, 0, 0, 1, 4218.34, 2652600, 2, 0, 0
821, 8910, 0, 1, 0, 0, 22.22%, 0, 0, 1, 3876.67, 2673315, 2, 0, 0
826, 8979, 0, 1, 0, 0, 22.22%, 0, 0, 1, 3921.20, 2693895, 2, 0, 0
831, 9035, 0, 1, 0, 0, 22.22%, 0, 0, 1, 3513.41, 2710715, 2, 0, 0
836, 9081, 0, 1, 0, 0, 22.22%, 0, 0, 1, 2767.96, 2724571, 2, 0, 0
841, 9117, 0, 1, 0, 0, 22.22%, 0, 0, 1, 2252.25, 2735160, 2, 0, 0
847, 9166, 0, 1, 0, 0, 22.22%, 0, 0, 1, 2671.72, 2749869, 2, 0, 0
852, 9209, 0, 1, 0, 0, 22.22%, 0, 0, 1, 2647.39, 2762968, 2, 0, 0
857, 9249, 0, 1, 0, 0, 22.22%, 0, 0, 1, 2321.47, 2775010, 2, 0, 0
862, 9286, 0, 1, 0, 0, 22.22%, 0, 0, 1, 2315.80, 2785962, 2, 0, 0
867, 9318, 0, 1, 0, 0, 22.22%, 0, 0, 1, 1999.99, 2795696, 2, 0, 0
872, 9350, 0, 1, 0, 0, 22.22%, 0, 0, 1, 1865.78, 2805090, 2, 0, 0
877, 9380, 0, 1, 0, 0, 22.22%, 0, 0, 1, 1841.94, 2814215, 2, 0, 0
882, 9408, 0, 1, 0, 0, 22.22%, 0, 0, 1, 1625.57, 2822448, 2, 0, 0
887, 9436, 0, 1, 0, 0, 22.22%, 0, 0, 1, 1694.44, 2830950, 2, 0, 0
892, 9465, 0, 1, 0, 0, 22.22%, 0, 0, 1, 1683.56, 2839550, 2, 0, 0
897, 9499, 0, 1, 0, 0, 22.22%, 0, 0, 1, 2064.15, 2849856, 2, 0, 0
902, 9536, 0, 1, 0, 0, 22.22%, 0, 0, 1, 2149.91, 2861100, 2, 0, 0
907, 9576, 0, 1, 0, 0, 22.22%, 0, 0, 1, 2269.47, 2873006, 2, 0, 0
912, 9611, 0, 1, 0, 0, 22.22%, 0, 0, 1, 2071.62, 2883515, 2, 0, 0
918, 9649, 0, 1, 0, 0, 22.22%, 0, 0, 1, 2243.60, 2894960, 2, 0, 0
923, 9689, 0, 1, 0, 0, 22.22%, 0, 0, 1, 2266.32, 2906762, 2, 0, 0
928, 9725, 0, 1, 0, 0, 22.22%, 0, 0, 1, 2135.71, 2917559, 2, 0, 0
933, 9762, 0, 1, 0, 0, 22.22%, 0, 0, 1, 2125.09, 2928700, 2, 0, 0
938, 9800, 0, 1, 0, 0, 22.22%, 0, 0, 1, 2255.53, 2940261, 2, 0, 0
943, 9828, 0, 1, 0, 0, 22.22%, 0, 0, 1, 1758.65, 2948586, 2, 0, 0
948, 9857, 0, 1, 0, 0, 22.22%, 0, 0, 1, 1642.45, 2957249, 2, 0, 0
953, 9889, 0, 1, 0, 0, 22.22%, 0, 0, 1, 1753.69, 2966751, 2, 0, 0
958, 9930, 0, 1, 0, 0, 22.22%, 0, 0, 1, 2347.95, 2979163, 2, 0, 0
963, 9951, 0, 1, 0, 0, 22.22%, 0, 0, 1, 1415.69, 2985603, 2, 0, 0
968, 9967, 0, 1, 0, 0, 22.22%, 0, 0, 1, 1037.54, 2990379, 2, 0, 0
974, 9981, 0, 1, 0, 0, 22.22%, 0, 0, 1, 522.27, 2994452, 2, 0, 0
979, 10002, 0, 1, 0, 0, 22.22%, 0, 0, 1, 1186.86, 3000638, 2, 0, 0
984, 10040, 0, 1, 0, 0, 22.22%, 0, 0, 1, 2104.17, 3012298, 2, 0, 0
989, 10078, 0, 1, 0, 0, 22.22%, 0, 0, 1, 2044.54, 3023615, 2, 0, 0
994, 10125, 0, 1, 0, 0, 22.22%, 0, 0, 1, 2902.15, 3037772, 2, 0, 0
999, 10197, 0, 1, 0, 0, 22.22%, 0, 0, 1, 3907.24, 3059193, 2, 0, 0
1004, 10260, 0, 1, 0, 0, 22.22%, 0, 0, 1, 3889.35, 3078115, 2, 0, 0
1009, 10328, 0, 1, 0, 0, 22.22%, 0, 0, 1, 4072.55, 3098597, 2, 0, 0
1014, 10402, 0, 1, 0, 0, 22.22%, 0, 0, 1, 4256.03, 3120801, 2, 0, 0
1019, 10470, 0, 1, 0, 0, 22.22%, 0, 0, 1, 4055.88, 3141197, 2, 0, 0
1025, 10543, 0, 1, 0, 0, 22.22%, 0, 0, 1, 4176.46, 3162999, 2, 0, 0
1030, 10616, 0, 1, 0, 0, 22.22%, 0, 0, 1, 4213.25, 3185000, 2, 0, 0
1035, 10688, 0, 1, 0, 0, 22.22%, 0, 0, 1, 4312.06, 3206615, 2, 0, 0
1040, 10758, 0, 1, 0, 0, 22.22%, 0, 0, 1, 4184.64, 3227499, 2, 0, 0
1045, 10829, 0, 1, 0, 0, 22.22%, 0, 0, 1, 4170.09, 3248899, 2, 0, 0
1050, 10896, 0, 1, 0, 0, 22.22%, 0, 0, 1, 4069.80, 3269097, 2, 0, 0
1055, 10960, 0, 1, 0, 0, 22.22%, 0, 0, 1, 3800.04, 3288192, 2, 0, 0
1060, 11004, 0, 1, 0, 0, 22.22%, 0, 0, 1, 2733.65, 3301270, 2, 0, 0
1065, 11044, 0, 1, 0, 0, 22.22%, 0, 0, 1, 2547.67, 3313515, 2, 0, 0
1070, 11080, 0, 1, 0, 0, 22.22%, 0, 0, 1, 2313.01, 3324161, 2, 0, 0
1075, 11121, 0, 1, 0, 0, 22.22%, 0, 0, 1, 2366.49, 3336460, 2, 0, 0
1081, 11196, 0, 1, 0, 0, 22.22%, 0, 0, 1, 3878.78, 3358994, 2, 0, 0
1086, 11272, 0, 1, 0, 0, 22.22%, 0, 0, 1, 4366.83, 3381703, 2, 0, 0
1091, 11336, 0, 1, 0, 0, 22.22%, 0, 0, 1, 3830.75, 3401092, 2, 0, 0
1096, 11393, 0, 1, 0, 0, 22.22%, 0, 0, 1, 3431.85, 3418015, 2, 0, 0
1101, 11455, 0, 1, 0, 0, 22.22%, 0, 0, 1, 3506.67, 3436785, 2, 0, 0
1106, 11520, 0, 1, 0, 0, 22.22%, 0, 0, 1, 3617.28, 3456189, 2, 0, 0
1111, 11577, 0, 1, 0, 0, 22.22%, 0, 0, 1, 3413.96, 3473284, 2, 0, 0
1116, 11639, 0, 1, 0, 0, 22.22%, 0, 0, 1, 3713.10, 3491990, 2, 0, 0
1121, 11675, 0, 1, 0, 0, 22.22%, 0, 0, 1, 2376.98, 3502763, 2, 0, 0
1126, 11718, 0, 1, 0, 0, 22.22%, 0, 0, 1, 2463.74, 3515614, 2, 0, 0
1131, 11763, 0, 1, 0, 0, 22.22%, 0, 0, 1, 2658.20, 3529015, 2, 0, 0
1136, 11806, 0, 1, 0, 0, 22.22%, 0, 0, 1, 2585.74, 3541867, 2, 0, 0
1142, 11846, 0, 1, 0, 0, 22.22%, 0, 0, 1, 2323.64, 3553908, 2, 0, 0
1147, 11892, 0, 1, 0, 0, 22.22%, 0, 0, 1, 2589.06, 3567815, 2, 0, 0
1152, 11936, 0, 1, 0, 0, 22.22%, 0, 0, 1, 2587.95, 3581015, 2, 0, 0
1157, 11977, 0, 1, 0, 0, 22.22%, 0, 0, 1, 2470.23, 3593365, 2, 0, 0
1162, 12023, 0, 1, 0, 0, 22.22%, 0, 0, 1, 2672.51, 3606970, 2, 0, 0
1167, 12068, 0, 1, 0, 0, 22.22%, 0, 0, 1, 2704.48, 3620570, 2, 0, 0
1172, 12112, 0, 1, 0, 0, 22.22%, 0, 0, 1, 2631.49, 3633815, 2, 0, 0
1177, 12151, 0, 1, 0, 0, 22.22%, 0, 0, 1, 2407.80, 3645510, 2, 0, 0
1182, 12193, 0, 1, 0, 0, 22.22%, 0, 0, 1, 2523.66, 3658215, 2, 0, 0
1187, 12246, 0, 1, 0, 0, 22.22%, 0, 0, 1, 2957.05, 3674075, 2, 0, 0
1192, 12286, 0, 1, 0, 0, 22.22%, 0, 0, 1, 2490.75, 3685915, 2, 0, 0
1197, 12336, 0, 1, 0, 0, 22.22%, 0, 0, 1, 2918.20, 3701015, 2, 0, 0
1202, 12383, 0, 1, 0, 0, 22.22%, 0, 0, 1, 2895.74, 3715015, 2, 0, 0
1207, 12423, 0, 1, 0, 0, 22.22%, 0, 0, 1, 2428.19, 3727012, 2, 0, 0
1212, 12458, 0, 1, 0, 0, 22.22%, 0, 0, 1, 2096.65, 3737515, 2, 0, 0
1218, 12475, 0, 1, 0, 0, 22.22%, 0, 0, 1, 1312.99, 3742794, 2, 0, 0
1223, 12497, 0, 1, 0, 0, 22.22%, 0, 0, 1, 1401.70, 3749372, 2, 0, 0
1228, 12518, 0, 1, 0, 0, 22.22%, 0, 0, 1, 1299.12, 3755615, 2, 0, 0
1233, 12542, 0, 1, 0, 0, 22.22%, 0, 0, 1, 1429.56, 3762644, 2, 0, 0
1238, 12560, 0, 1, 0, 0, 22.22%, 0, 0, 1, 1244.15, 3768264, 2, 0, 0
1243, 12592, 0, 1, 0, 0, 22.22%, 0, 0, 1, 1790.30, 3777851, 2, 0, 0
1248, 12615, 0, 1, 0, 0, 22.22%, 0, 0, 1, 1412.61, 3784744, 2, 0, 0
1253, 12637, 0, 1, 0, 0, 22.22%, 0, 0, 1, 1332.84, 3791394, 2, 0, 0
1258, 12656, 0, 1, 0, 0, 22.22%, 0, 0, 1, 1110.89, 3796838, 2, 0, 0
1263, 12671, 0, 1, 0, 0, 22.22%, 0, 0, 1, 1009.66, 3801435, 2, 0, 0
1268, 12705, 0, 1, 0, 0, 22.22%, 0, 0, 1, 1831.03, 3811588, 2, 0, 0
1274, 12732, 0, 1, 0, 0, 22.22%, 0, 0, 1, 1736.79, 3819815, 2, 0, 0
1279, 12768, 0, 1, 0, 0, 22.22%, 0, 0, 1, 1993.28, 3830715, 2, 0, 0
1284, 12795, 0, 1, 0, 0, 22.22%, 0, 0, 1, 1637.06, 3838815, 2, 0, 0
1289, 12816, 0, 1, 0, 0, 22.22%, 0, 0, 1, 1358.27, 3845097, 2, 0, 0
1294, 12837, 0, 1, 0, 0, 22.22%, 0, 0, 1, 1283.25, 3851166, 2, 0, 0
1299, 12859, 0, 1, 0, 0, 22.22%, 0, 0, 1, 1258.77, 3857791, 2, 0, 0
1304, 12881, 0, 1, 0, 0, 22.22%, 0, 0, 1, 1391.60, 3864470, 2, 0, 0
1309, 12895, 0, 1, 0, 0, 22.22%, 0, 0, 1, 884.33, 3868770, 2, 0, 0
1314, 12917, 0, 1, 0, 0, 22.22%, 0, 0, 1, 1201.80, 3875362, 2, 0, 0
1320, 12937, 0, 1, 0, 0, 22.22%, 0, 0, 1, 1181.27, 3881262, 2, 0, 0
1325, 12956, 0, 1, 0, 0, 22.22%, 0, 0, 1, 1115.50, 3886882, 2, 0, 0
1330, 12974, 0, 1, 0, 0, 22.22%, 0, 0, 1, 1172.05, 3892485, 2, 0, 0
1335, 12993, 0, 1, 0, 0, 22.22%, 0, 0, 1, 1156.87, 3897960, 2, 0, 0
1340, 13013, 0, 1, 0, 0, 22.22%, 0, 0, 1, 1190.28, 3903940, 2, 0, 0
1345, 13036, 0, 1, 0, 0, 22.22%, 0, 0, 1, 1489.00, 3911015, 2, 0, 0
1350, 13062, 0, 1, 0, 0, 22.22%, 0, 0, 1, 1590.21, 3918746, 2, 0, 0
1355, 13091, 0, 1, 0, 0, 22.22%, 0, 0, 1, 1505.24, 3927478, 2, 0, 0
1360, 13109, 0, 1, 0, 0, 22.22%, 0, 0, 1, 1089.47, 3932782, 2, 0, 0
1365, 13124, 0, 1, 0, 0, 22.22%, 0, 0, 1, 933.49, 3937352, 2, 0, 0
1370, 13149, 0, 1, 0, 0, 22.22%, 0, 0, 1, 1420.65, 3944943, 2, 0, 0
1375, 13174, 0, 1, 0, 0, 22.22%, 0, 0, 1, 1441.84, 3952315, 2, 0, 0
1381, 13210, 0, 1, 0, 0, 22.22%, 0, 0, 1, 2107.01, 3963057, 2, 0, 0
1386, 13246, 0, 1, 0, 0, 22.22%, 0, 0, 1, 2164.35, 3974002, 2, 0, 0
1391, 13292, 0, 1, 0, 0, 22.22%, 0, 0, 1, 2667.62, 3987715, 2, 0, 0
1396, 13339, 0, 1, 0, 0, 22.22%, 0, 0, 1, 2880.32, 4001972, 2, 0, 0
1401, 13385, 0, 1, 0, 0, 22.22%, 0, 0, 1, 2671.09, 4015715, 2, 0, 0
1406, 13432, 0, 1, 0, 0, 22.22%, 0, 0, 1, 2824.30, 4029771, 2, 0, 0
1411, 13483, 0, 1, 0, 0, 22.22%, 0, 0, 1, 2901.54, 4045015, 2, 0, 0
1416, 13534, 0, 1, 0, 0, 22.22%, 0, 0, 1, 2960.77, 4060315, 2, 0, 0
1421, 13584, 0, 1, 0, 0, 22.22%, 0, 0, 1, 2848.01, 4075315, 2, 0, 0
1426, 13635, 0, 1, 0, 0, 22.22%, 0, 0, 1, 2995.57, 4090577, 2, 0, 0
1431, 13679, 0, 1, 0, 0, 22.22%, 0, 0, 1, 2781.74, 4104015, 2, 0, 0
1436, 13722, 0, 1, 0, 0, 22.22%, 0, 0, 1, 2697.98, 4116868, 2, 0, 0
1442, 13759, 0, 1, 0, 0, 22.22%, 0, 0, 1, 1975.26, 4127998, 2, 0, 0
1447, 13779, 0, 1, 0, 0, 22.22%, 0, 0, 1, 271.55, 4133936, 2, 0, 0
1452, 13793, 0, 1, 0, 0, 22.22%, 0, 0, 1, 1302.68, 4138194, 2, 0, 0
1457, 13820, 0, 1, 0, 0, 22.22%, 0, 0, 1, 1699.61, 4146315, 2, 0, 0
1462, 13848, 0, 1, 0, 0, 22.22%, 0, 0, 1, 1858.34, 4154590, 2, 0, 0
1467, 13903, 0, 1, 0, 0, 22.22%, 0, 0, 1, 3091.66, 4170977, 2, 0, 0
1473, 13944, 0, 1, 0, 0, 22.22%, 0, 0, 1, 2365.10, 4183512, 2, 0, 0
1478, 13981, 0, 1, 0, 0, 22.22%, 0, 0, 1, 2182.28, 4194404, 2, 0, 0
1483, 14012, 0, 1, 0, 0, 22.22%, 0, 0, 1, 1975.91, 4203855, 2, 0, 0
1488, 14066, 0, 1, 0, 0, 22.22%, 0, 0, 1, 2936.93, 4219874, 2, 0, 0
1493, 14111, 0, 1, 0, 0, 22.22%, 0, 0, 1, 2730.66, 4233470, 2, 0, 0
1498, 14151, 0, 1, 0, 0, 22.22%, 0, 0, 1, 2607.11, 4245615, 2, 0, 0
1503, 14213, 0, 1, 0, 0, 22.22%, 0, 0, 1, 3306.50, 4263983, 2, 0, 0
1508, 14258, 0, 1, 0, 0, 22.22%, 0, 0, 1, 2761.50, 4277471, 2, 0, 0
1513, 14298, 0, 1, 0, 0, 22.22%, 0, 0, 1, 2396.67, 4289463, 2, 0, 0
1519, 14345, 0, 1, 0, 0, 22.22%, 0, 0, 1, 2686.98, 4303770, 2, 0, 0
1524, 14384, 0, 1, 0, 0, 22.22%, 0, 0, 1, 2357.66, 4315264, 2, 0, 0
1529, 14411, 0, 1, 0, 0, 22.22%, 0, 0, 1, 1690.54, 4323384, 2, 0, 0
1534, 14436, 0, 1, 0, 0, 22.22%, 0, 0, 1, 1571.85, 4331109, 2, 0, 0
1539, 14464, 0, 1, 0, 0, 22.22%, 0, 0, 1, 1629.71, 4339448, 2, 0, 0
1544, 14493, 0, 1, 0, 0, 22.22%, 0, 0, 1, 1766.19, 4347984, 2, 0, 0
1549, 14539, 0, 1, 0, 0, 22.22%, 0, 0, 1, 2605.80, 4361869, 2, 0, 0
1554, 14581, 0, 1, 0, 0, 22.22%, 0, 0, 1, 2433.15, 4374465, 2, 0, 0
1559, 14615, 0, 1, 0, 0, 22.22%, 0, 0, 1, 1974.24, 4384656, 2, 0, 0
1564, 14649, 0, 1, 0, 0, 22.22%, 0, 0, 1, 2248.48, 4394860, 2, 0, 0
1569, 14701, 0, 1, 0, 0, 22.22%, 0, 0, 1, 2770.52, 4410571, 2, 0, 0
1575, 14750, 0, 1, 0, 0, 22.22%, 0, 0, 1, 2825.69, 4425072, 2, 0, 0
1580, 14790, 0, 1, 0, 0, 22.22%, 0, 0, 1, 2366.91, 4437310, 2, 0, 0
1585, 14816, 0, 1, 0, 0, 22.22%, 0, 0, 1, 1663.11, 4444982, 2, 0, 0
1590, 14843, 0, 1, 0, 0, 22.22%, 0, 0, 1, 1552.17, 4452947, 2, 0, 0
1595, 14867, 0, 1, 0, 0, 22.22%, 0, 0, 1, 1559.99, 4460409, 2, 0, 0
1600, 14894, 0, 1, 0, 0, 22.22%, 0, 0, 1, 1580.68, 4468278, 2, 0, 0
1605, 14921, 0, 1, 0, 0, 22.22%, 0, 0, 1, 1649.52, 4476582, 2, 0, 0
1610, 14946, 0, 1, 0, 0, 22.22%, 0, 0, 1, 1511.48, 4483903, 2, 0, 0
1615, 14978, 0, 1, 0, 0, 22.22%, 0, 0, 1, 1853.74, 4493515, 2, 0, 0
1620, 15009, 0, 1, 0, 0, 22.22%, 0, 0, 1, 1883.29, 4502915, 2, 0, 0
1625, 15044, 0, 1, 0, 0, 22.22%, 0, 0, 1, 2059.63, 4513356, 2, 0, 0
1630, 15076, 0, 1, 0, 0, 22.22%, 0, 0, 1, 1959.81, 4522854, 2, 0, 0
1635, 15109, 0, 1, 0, 0, 22.22%, 0, 0, 1, 1970.66, 4532955, 2, 0, 0
1641, 15147, 0, 1, 0, 0, 22.22%, 0, 0, 1, 2203.23, 4544359, 2, 0, 0
1646, 15185, 0, 1, 0, 0, 22.22%, 0, 0, 1, 2212.01, 4555659, 2, 0, 0
1651, 15216, 0, 1, 0, 0, 22.22%, 0, 0, 1, 1860.77, 4565015, 2, 0, 0
1656, 15249, 0, 1, 0, 0, 22.22%, 0, 0, 1, 1889.32, 4574790, 2, 0, 0
1661, 15298, 0, 1, 0, 0, 22.22%, 0, 0, 1, 2647.83, 4589615, 2, 0, 0
1666, 15347, 0, 1, 0, 0, 22.22%, 0, 0, 1, 2892.05, 4604373, 2, 0, 0
1671, 15403, 0, 1, 0, 0, 22.22%, 0, 0, 1, 3213.40, 4621215, 2, 0, 0
1676, 15444, 0, 1, 0, 0, 22.22%, 0, 0, 1, 2447.10, 4633464, 2, 0, 0
1681, 15494, 0, 1, 0, 0, 22.22%, 0, 0, 1, 2961.11, 4648315, 2, 0, 0
1687, 15552, 0, 1, 0, 0, 22.22%, 0, 0, 1, 3378.52, 4665715, 2, 0, 0
1692, 15612, 0, 1, 0, 0, 22.22%, 0, 0, 1, 3405.51, 4683815, 2, 0, 0
1697, 15670, 0, 1, 0, 0, 22.22%, 0, 0, 1, 3411.01, 4701115, 2, 0, 0
1702, 15724, 0, 1, 0, 0, 22.22%, 0, 0, 1, 3252.37, 4717415, 2, 0, 0
1707, 15768, 0, 1, 0, 0, 22.22%, 0, 0, 1, 2593.11, 4730615, 2, 0, 0
1712, 15822, 0, 1, 0, 0, 22.22%, 0, 0, 1, 3045.16, 4746776, 2, 0, 0
1717, 15871, 0, 1, 0, 0, 22.22%, 0, 0, 1, 3046.70, 4761377, 2, 0, 0
1722, 15912, 0, 1, 0, 0, 22.22%, 0, 0, 1, 2592.45, 4773715, 2, 0, 0
1727, 15952, 0, 1, 0, 0, 22.22%, 0, 0, 1, 2418.87, 4785664, 2, 0, 0
1732, 15989, 0, 1, 0, 0, 22.22%, 0, 0, 1, 2277.53, 4796962, 2, 0, 0
1737, 16024, 0, 1, 0, 0, 22.22%, 0, 0, 1, 2091.52, 4807257, 2, 0, 0
1742, 16058, 0, 1, 0, 0, 22.22%, 0, 0, 1, 2007.97, 4817656, 2, 0, 0
1747, 16090, 0, 1, 0, 0, 22.22%, 0, 0, 1, 1926.25, 4827296, 2, 0, 0
1753, 16129, 0, 1, 0, 0, 22.22%, 0, 0, 1, 2197.40, 4838859, 2, 0, 0
1758, 16170, 0, 1, 0, 0, 22.22%, 0, 0, 1, 2396.19, 4851163, 2, 0, 0
1763, 16217, 0, 1, 0, 0, 22.22%, 0, 0, 1, 2925.51, 4865315, 2, 0, 0
1768, 16271, 0, 1, 0, 0, 22.22%, 0, 0, 1, 3069.72, 4881477, 2, 0, 0
1773, 16334, 0, 1, 0, 0, 22.22%, 0, 0, 1, 3505.32, 4900315, 2, 0, 0
1778, 16376, 0, 1, 0, 0, 22.22%, 0, 0, 1, 2611.39, 4912970, 2, 0, 0
1783, 16406, 0, 1, 0, 0, 22.22%, 0, 0, 1, 1871.42, 4921915, 2, 0, 0
1788, 16433, 0, 1, 0, 0, 22.22%, 0, 0, 1, 1701.40, 4930150, 2, 0, 0
1793, 16461, 0, 1, 0, 0, 22.22%, 0, 0, 1, 1613.70, 4938415, 2, 0, 0
1799, 16490, 0, 1, 0, 0, 22.22%, 0, 0, 1, 1825.61, 4947315, 2, 0, 0
1804, 16525, 0, 1, 0, 0, 22.22%, 0, 0, 1, 2002.76, 4957796, 2, 0, 0
1809, 16584, 0, 1, 0, 0, 22.22%, 0, 0, 1, 3356.03, 4975415, 2, 0, 0
1814, 16648, 0, 1, 0, 0, 22.22%, 0, 0, 1, 3753.65, 4994490, 2, 0, 0
1819, 16698, 0, 1, 0, 0, 22.22%, 0, 0, 1, 3136.55, 5009577, 2, 0, 0
1824, 16756, 0, 1, 0, 0, 22.22%, 0, 0, 1, 3308.18, 5026982, 2, 0, 0
1829, 16797, 0, 1, 0, 0, 22.22%, 0, 0, 1, 2483.84, 5039215, 2, 0, 0
1834, 16832, 0, 1, 0, 0, 22.22%, 0, 0, 1, 2154.63, 5049702, 2, 0, 0
1839, 16869, 0, 1, 0, 0, 22.22%, 0, 0, 1, 2146.69, 5060800, 2, 0, 0
1845, 16905, 0, 1, 0, 0, 22.22%, 0, 0, 1, 2372.83, 5071762, 2, 0, 0
1850, 16965, 0, 1, 0, 0, 22.22%, 0, 0, 1, 3226.85, 5089615, 2, 0, 0
1855, 17016, 0, 1, 0, 0, 22.22%, 0, 0, 1, 3020.13, 5105015, 2, 0, 0
1860, 17049, 0, 1, 0, 0, 22.22%, 0, 0, 1, 2072.85, 5114857, 2, 0, 0
1865, 17078, 0, 1, 0, 0, 22.22%, 0, 0, 1, 1737.14, 5123584, 2, 0, 0
1870, 17104, 0, 1, 0, 0, 22.22%, 0, 0, 1, 1608.72, 5131480, 2, 0, 0
1875, 17130, 0, 1, 0, 0, 22.22%, 0, 0, 1, 1633.61, 5139312, 2, 0, 0
1880, 17157, 0, 1, 0, 0, 22.22%, 0, 0, 1, 1528.95, 5147206, 2, 0, 0
1885, 17185, 0, 1, 0, 0, 22.22%, 0, 0, 1, 1726.03, 5155615, 2, 0, 0
1891, 17225, 0, 1, 0, 0, 22.22%, 0, 0, 1, 2212.11, 5167715, 2, 0, 0
1896, 17271, 0, 1, 0, 0, 22.22%, 0, 0, 1, 2585.97, 5181469, 2, 0, 0
1901, 17301, 0, 1, 0, 0, 22.22%, 0, 0, 1, 1995.51, 5190455, 2, 0, 0
1906, 17339, 0, 1, 0, 0, 22.22%, 0, 0, 1, 2275.27, 5201760, 2, 0, 0
1911, 17391, 0, 1, 0, 0, 22.22%, 0, 0, 1, 3005.72, 5217515, 2, 0, 0
1916, 17438, 0, 1, 0, 0, 22.22%, 0, 0, 1, 2836.29, 5231671, 2, 0, 0
1921, 17480, 0, 1, 0, 0, 22.22%, 0, 0, 1, 2663.35, 5244315, 2, 0, 0
1926, 17543, 0, 1, 0, 0, 22.22%, 0, 0, 1, 3562.03, 5263086, 2, 0, 0
1931, 17594, 0, 1, 0, 0, 22.22%, 0, 0, 1, 2981.89, 5278276, 2, 0, 0
1936, 17640, 0, 1, 0, 0, 22.22%, 0, 0, 1, 2688.89, 5292269, 2, 0, 0
1941, 17676, 0, 1, 0, 0, 22.22%, 0, 0, 1, 2244.78, 5302906, 2, 0, 0
1947, 17694, 0, 1, 0, 0, 22.22%, 0, 0, 1, 827.28, 5308280, 2, 0, 0
1952, 17734, 0, 1, 0, 0, 22.22%, 0, 0, 1, 2185.64, 5320359, 2, 0, 0
1957, 17783, 0, 1, 0, 0, 22.22%, 0, 0, 1, 2758.72, 5335070, 2, 0, 0
1962, 17837, 0, 1, 0, 0, 22.22%, 0, 0, 1, 3099.50, 5351177, 2, 0, 0
1967, 17890, 0, 1, 0, 0, 22.22%, 0, 0, 1, 3190.12, 5367279, 2, 0, 0
1972, 17928, 0, 1, 0, 0, 22.22%, 0, 0, 1, 2212.96, 5378715, 2, 0, 0
1977, 17971, 0, 1, 0, 0, 22.22%, 0, 0, 1, 2510.95, 5391514, 2, 0, 0
1982, 18007, 0, 1, 0, 0, 22.22%, 0, 0, 1, 2111.74, 5402302, 2, 0, 0
1987, 18041, 0, 1, 0, 0, 22.22%, 0, 0, 1, 2173.98, 5412515, 2, 0, 0
1992, 18077, 0, 1, 0, 0, 22.22%, 0, 0, 1, 2045.37, 5423158, 2, 0, 0
1998, 18110, 0, 1, 0, 0, 22.22%, 0, 0, 1, 1930.94, 5433115, 2, 0, 0
2003, 18147, 0, 1, 0, 0, 22.22%, 0, 0, 1, 2117.10, 5444300, 2, 0, 0
2008, 18178, 0, 1, 0, 0, 22.22%, 0, 0, 1, 1832.08, 5453588, 2, 0, 0
2013, 18208, 0, 1, 0, 0, 22.22%, 0, 0, 1, 1804.89, 5462551, 2, 0, 0
2018, 18240, 0, 1, 0, 0, 22.22%, 0, 0, 1, 1847.07, 5472253, 2, 0, 0
2023, 18277, 0, 1, 0, 0, 22.22%, 0, 0, 1, 2083.09, 5483300, 2, 0, 0
2028, 18314, 0, 1, 0, 0, 22.22%, 0, 0, 1, 2130.65, 5494300, 2, 0, 0
2033, 18350, 0, 1, 0, 0, 22.22%, 0, 0, 1, 2153.73, 5505115, 2, 0, 0
2038, 18379, 0, 1, 0, 0, 22.22%, 0, 0, 1, 1747.87, 5513784, 2, 0, 0
2043, 18412, 0, 1, 0, 0, 22.22%, 0, 0, 1, 1192.08, 5523779, 2, 0, 0
2048, 18443, 0, 1, 0, 0, 22.22%, 0, 0, 1, 1689.60, 5533049, 2, 0, 0
2054, 18468, 0, 1, 0, 0, 22.22%, 0, 0, 1, 1520.80, 5540646, 2, 0, 0
2059, 18497, 0, 1, 0, 0, 22.22%, 0, 0, 1, 1668.94, 5549315, 2, 0, 0
2064, 18530, 0, 1, 0, 0, 22.22%, 0, 0, 1, 1916.69, 5559190, 2, 0, 0
2069, 18562, 0, 1, 0, 0, 22.22%, 0, 0, 1, 1867.04, 5568890, 2, 0, 0
2074, 18592, 0, 1, 0, 0, 22.22%, 0, 0, 1, 1700.37, 5577715, 2, 0, 0
2079, 18622, 0, 1, 0, 0, 22.22%, 0, 0, 1, 1737.21, 5586684, 2, 0, 0
2084, 18651, 0, 1, 0, 0, 22.22%, 0, 0, 1, 1760.23, 5595386, 2, 0, 0
2089, 18681, 0, 1, 0, 0, 22.22%, 0, 0, 1, 1832.15, 5604615, 2, 0, 0
2094, 18711, 0, 1, 0, 0, 22.22%, 0, 0, 1, 1805.87, 5613615, 2, 0, 0
2099, 18739, 0, 1, 0, 0, 22.22%, 0, 0, 1, 1672.87, 5621749, 2, 0, 0
2104, 18767, 0, 1, 0, 0, 22.22%, 0, 0, 1, 1647.12, 5630148, 2, 0, 0
2109, 18795, 0, 1, 0, 0, 22.22%, 0, 0, 1, 1695.15, 5638650, 2, 0, 0
2114, 18820, 0, 1, 0, 0, 22.22%, 0, 0, 1, 1488.25, 5646045, 2, 0, 0
2119, 18866, 0, 1, 0, 0, 22.22%, 0, 0, 1, 2656.09, 5659968, 2, 0, 0
2125, 18915, 0, 1, 0, 0, 22.22%, 0, 0, 1, 2603.12, 5674669, 2, 0, 0
2130, 18969, 0, 1, 0, 0, 22.22%, 0, 0, 1, 3246.65, 5690780, 2, 0, 0
2135, 19032, 0, 1, 0, 0, 22.22%, 0, 0, 1, 3566.87, 5709686, 2, 0, 0
2140, 19096, 0, 1, 0, 0, 22.22%, 0, 0, 1, 3787.24, 5728991, 2, 0, 0
2145, 19158, 0, 1, 0, 0, 22.22%, 0, 0, 1, 3513.10, 5747686, 2, 0, 0
2150, 19224, 0, 1, 0, 0, 22.22%, 0, 0, 1, 3855.24, 5767292, 2, 0, 0
2155, 19290, 0, 1, 0, 0, 22.22%, 0, 0, 1, 3756.33, 5787192, 2, 0, 0
2160, 19354, 0, 1, 0, 0, 22.22%, 0, 0, 1, 3635.06, 5806389, 2, 0, 0
2165, 19410, 0, 1, 0, 0, 22.22%, 0, 0, 1, 3417.92, 5823115, 2, 0, 0
2170, 19473, 0, 1, 0, 0, 22.22%, 0, 0, 1, 3663.80, 5842089, 2, 0, 0
2176, 19535, 0, 1, 0, 0, 22.22%, 0, 0, 1, 3611.45, 5860687, 2, 0, 0
2181, 19595, 0, 1, 0, 0, 22.22%, 0, 0, 1, 3531.98, 5878686, 2, 0, 0
2186, 19657, 0, 1, 0, 0, 22.22%, 0, 0, 1, 3525.00, 5897186, 2, 0, 0
2191, 19707, 0, 1, 0, 0, 22.22%, 0, 0, 1, 3215.18, 5912179, 2, 0, 0
2196, 19759, 0, 1, 0, 0, 22.22%, 0, 0, 1, 3078.60, 5927815, 2, 0, 0
2201, 19803, 0, 1, 0, 0, 22.22%, 0, 0, 1, 650.68, 5941149, 2, 0, 0
2206, 19853, 0, 1, 0, 0, 22.22%, 0, 0, 1, 2405.67, 5956215, 2, 0, 0
2211, 19900, 0, 1, 0, 0, 22.22%, 0, 0, 1, 2726.88, 5970215, 2, 0, 0
2216, 19922, 0, 1, 0, 0, 22.22%, 0, 0, 1, 422.48, 5976800, 2, 0, 0
2221, 19948, 0, 1, 0, 0, 22.22%, 0, 0, 1, 1247.43, 5984612, 2, 0, 0
2226, 19972, 0, 1, 0, 0, 22.22%, 0, 0, 1, 1878.53, 5991790, 2, 0, 0
2231, 20000, 0, 1, 0, 0, 22.22%, 0, 0, 1, 1930.00, 6000186, 2, 0, 0
2237, 20031, 0, 1, 0, 0, 22.22%, 0, 0, 1, 1848.84, 6009515, 2, 0, 0
2242, 20069, 0, 1, 0, 0, 22.22%, 0, 0, 1, 2077.89, 6020758, 2, 0, 0
2247, 20097, 0, 1, 0, 0, 22.22%, 0, 0, 1, 1645.91, 6029250, 2, 0, 0
2252, 20125, 0, 1, 0, 0, 22.22%, 0, 0, 1, 2186.83, 6037516, 2, 0, 0
2257, 20154, 0, 1, 0, 0, 22.22%, 0, 0, 1, 1904.83, 6046492, 2, 0, 0
2262, 20176, 0, 1, 0, 0, 22.22%, 0, 0, 1, 1379.76, 6053070, 2, 0, 0
2267, 20194, 0, 1, 0, 0, 22.22%, 0, 0, 1, 1103.44, 6058404, 2, 0, 0
2272, 20221, 0, 1, 0, 0, 22.22%, 0, 0, 1, 1629.69, 6066615, 2, 0, 0
2277, 20245, 0, 1, 0, 0, 22.22%, 0, 0, 1, 1570.49, 6073806, 2, 0, 0
2282, 20272, 0, 1, 0, 0, 22.22%, 0, 0, 1, 1393.01, 6081715, 2, 0, 0
2287, 20289, 0, 1, 0, 0, 22.22%, 0, 0, 1, 1034.99, 6086936, 2, 0, 0
2292, 20308, 0, 1, 0, 0, 22.22%, 0, 0, 1, 1056.86, 6092496, 2, 0, 0
2297, 20330, 0, 1, 0, 0, 22.22%, 0, 0, 1, 1201.48, 6099266, 2, 0, 0
2303, 20342, 0, 1, 0, 0, 22.22%, 0, 0, 1, 853.29, 6102864, 2, 0, 0
2308, 20355, 0, 1, 0, 0, 22.22%, 0, 0, 1, 752.04, 6106706, 2, 0, 0
2313, 20365, 0, 1, 0, 0, 22.22%, 0, 0, 1, 610.77, 6109760, 2, 0, 0
2318, 20376, 0, 1, 0, 0, 22.22%, 0, 0, 1, 625.02, 6112988, 2, 0, 0
2323, 20389, 0, 1, 0, 0, 22.22%, 0, 0, 1, 703.30, 6116886, 2, 0, 0
2328, 20404, 0, 1, 0, 0, 22.22%, 0, 0, 1, 876.53, 6121384, 2, 0, 0
2333, 20416, 0, 1, 0, 0, 22.22%, 0, 0, 1, 776.50, 6125106, 2, 0, 0
2338, 20435, 0, 1, 0, 0, 22.22%, 0, 0, 1, 1145.80, 6130637, 2, 0, 0
2343, 20458, 0, 1, 0, 0, 22.22%, 0, 0, 1, 1244.98, 6137612, 2, 0, 0
2348, 20480, 0, 1, 0, 0, 22.22%, 0, 0, 1, 1411.49, 6144215, 2, 0, 0
2353, 20506, 0, 1, 0, 0, 22.22%, 0, 0, 1, 1556.40, 6152074, 2, 0, 0
2358, 20551, 0, 1, 0, 0, 22.22%, 0, 0, 1, 2393.17, 6165412, 2, 0, 0
2363, 20592, 0, 1, 0, 0, 22.22%, 0, 0, 1, 2366.25, 6177715, 2, 0, 0
2369, 20625, 0, 1, 0, 0, 22.22%, 0, 0, 1, 2015.82, 6187556, 2, 0, 0
2374, 20662, 0, 1, 0, 0, 22.22%, 0, 0, 1, 2246.70, 6198760, 2, 0, 0
2379, 20693, 0, 1, 0, 0, 22.22%, 0, 0, 1, 1812.03, 6208052, 2, 0, 0
2384, 20718, 0, 1, 0, 0, 22.22%, 0, 0, 1, 1554.83, 6215715, 2, 0, 0
2389, 20748, 0, 1, 0, 0, 22.22%, 0, 0, 1, 1640.93, 6224712, 2, 0, 0
2394, 20776, 0, 1, 0, 0, 22.22%, 0, 0, 1, 1690.16, 6232949, 2, 0, 0
2399, 20800, 0, 1, 0, 0, 22.22%, 0, 0, 1, 1518.68, 6240176, 2, 0, 0
2404, 20825, 0, 1, 0, 0, 22.22%, 0, 0, 1, 1528.29, 6247776, 2, 0, 0
2409, 20851, 0, 1, 0, 0, 22.22%, 0, 0, 1, 1467.44, 6255415, 2, 0, 0
2414, 20876, 0, 1, 0, 0, 22.22%, 0, 0, 1, 1504.58, 6262945, 2, 0, 0
2419, 20901, 0, 1, 0, 0, 22.22%, 0, 0, 1, 1454.51, 6270544, 2, 0, 0
2424, 20928, 0, 1, 0, 0, 22.22%, 0, 0, 1, 1548.09, 6278546, 2, 0, 0
2429, 20968, 0, 1, 0, 0, 22.22%, 0, 0, 1, 2188.29, 6290660, 2, 0, 0
2434, 21009, 0, 1, 0, 0, 22.22%, 0, 0, 1, 2466.13, 6302964, 2, 0, 0
2439, 21052, 0, 1, 0, 0, 22.22%, 0, 0, 1, 2305.61, 6315810, 2, 0, 0
2445, 21089, 0, 1, 0, 0, 22.22%, 0, 0, 1, 2264.76, 6326915, 2, 0, 0
2450, 21133, 0, 1, 0, 0, 22.22%, 0, 0, 1, 2531.43, 6340166, 2, 0, 0
2455, 21168, 0, 1, 0, 0, 22.22%, 0, 0, 1, 2091.74, 6350715, 2, 0, 0
2460, 21192, 0, 1, 0, 0, 22.22%, 0, 0, 1, 243.98, 6357736, 2, 0, 0
2465, 21210, 0, 1, 0, 0, 22.22%, 0, 0, 1, 955.78, 6363206, 2, 0, 0
2470, 21227, 0, 1, 0, 0, 22.22%, 0, 0, 1, 909.64, 6368206, 2, 0, 0
2475, 21260, 0, 1, 0, 0, 22.22%, 0, 0, 1, 1786.22, 6378051, 2, 0, 0
2480, 21300, 0, 1, 0, 0, 22.22%, 0, 0, 1, 2396.30, 6390308, 2, 0, 0
2485, 21352, 0, 1, 0, 0, 22.22%, 0, 0, 1, 2827.06, 6405715, 2, 0, 0
2490, 21391, 0, 1, 0, 0, 22.22%, 0, 0, 1, 2415.30, 6417612, 2, 0, 0
2495, 21420, 0, 1, 0, 0, 22.22%, 0, 0, 1, 1821.41, 6426315, 2, 0, 0
2500, 21447, 0, 1, 0, 0, 22.22%, 0, 0, 1, 1615.57, 6434348, 2, 0, 0
2505, 21474, 0, 1, 0, 0, 22.22%, 0, 0, 1, 1625.50, 6442348, 2, 0, 0
2510, 21504, 0, 1, 0, 0, 22.22%, 0, 0, 1, 1728.44, 6451415, 2, 0, 0
2516, 21532, 0, 1, 0, 0, 22.22%, 0, 0, 1, 1684.58, 6459682, 2, 0, 0
2521, 21553, 0, 1, 0, 0, 22.22%, 0, 0, 1, 1282.19, 6466094, 2, 0, 0
2526, 21605, 0, 1, 0, 0, 22.22%, 0, 0, 1, 2797.23, 6481715, 2, 0, 0
2531, 21668, 0, 1, 0, 0, 22.22%, 0, 0, 1, 3491.75, 6500515, 2, 0, 0
2536, 21726, 0, 1, 0, 0, 22.22%, 0, 0, 1, 3328.99, 6517882, 2, 0, 0
2542, 21785, 0, 1, 0, 0, 22.22%, 0, 0, 1, 3420.87, 6535585, 2, 0, 0
2547, 21842, 0, 1, 0, 0, 22.22%, 0, 0, 1, 3372.18, 6552915, 2, 0, 0
2552, 21903, 0, 1, 0, 0, 22.22%, 0, 0, 1, 3479.29, 6571085, 2, 0, 0
2557, 21962, 0, 1, 0, 0, 22.22%, 0, 0, 1, 3370.43, 6588782, 2, 0, 0
2562, 22022, 0, 1, 0, 0, 22.22%, 0, 0, 1, 3381.94, 6606684, 2, 0, 0
2567, 22076, 0, 1, 0, 0, 22.22%, 0, 0, 1, 3198.65, 6623080, 2, 0, 0
2572, 22125, 0, 1, 0, 0, 22.22%, 0, 0, 1, 2841.51, 6637573, 2, 0, 0
2577, 22162, 0, 1, 0, 0, 22.22%, 0, 0, 1, 2230.82, 6648806, 2, 0, 0
2582, 22195, 0, 1, 0, 0, 22.22%, 0, 0, 1, 1991.40, 6658615, 2, 0, 0
2587, 22228, 0, 1, 0, 0, 22.22%, 0, 0, 1, 2003.74, 6668456, 2, 0, 0
2592, 22261, 0, 1, 0, 0, 22.22%, 0, 0, 1, 2021.17, 6678596, 2, 0, 0
2597, 22291, 0, 1, 0, 0, 22.22%, 0, 0, 1, 1828.19, 6687552, 2, 0, 0
2603, 22327, 0, 1, 0, 0, 22.22%, 0, 0, 1, 2044.16, 6698396, 2, 0, 0
2608, 22358, 0, 1, 0, 0, 22.22%, 0, 0, 1, 1775.39, 6707615, 2, 0, 0
2613, 22395, 0, 1, 0, 0, 22.22%, 0, 0, 1, 2273.06, 6718760, 2, 0, 0
2618, 22448, 0, 1, 0, 0, 22.22%, 0, 0, 1, 2938.73, 6734615, 2, 0, 0
2623, 22499, 0, 1, 0, 0, 22.22%, 0, 0, 1, 3125.20, 6749915, 2, 0, 0
2628, 22552, 0, 1, 0, 0, 22.22%, 0, 0, 1, 3177.92, 6765679, 2, 0, 0
2633, 22608, 0, 1, 0, 0, 22.22%, 0, 0, 1, 3266.42, 6782581, 2, 0, 0
2638, 22661, 0, 1, 0, 0, 22.22%, 0, 0, 1, 3231.83, 6798480, 2, 0, 0
2643, 22705, 0, 1, 0, 0, 22.22%, 0, 0, 1, 2721.74, 6811615, 2, 0, 0
2648, 22746, 0, 1, 0, 0, 22.22%, 0, 0, 1, 2376.27, 6824063, 2, 0, 0
2653, 22785, 0, 1, 0, 0, 22.22%, 0, 0, 1, 2230.24, 6835759, 2, 0, 0
2658, 22825, 0, 1, 0, 0, 22.22%, 0, 0, 1, 2288.61, 6847706, 2, 0, 0
2663, 22857, 0, 1, 0, 0, 22.22%, 0, 0, 1, 1939.34, 6857254, 2, 0, 0
2668, 22891, 0, 1, 0, 0, 22.22%, 0, 0, 1, 1986.04, 6867594, 2, 0, 0
2674, 22928, 0, 1, 0, 0, 22.22%, 0, 0, 1, 2055.37, 6878500, 2, 0, 0
2679, 22969, 0, 1, 0, 0, 22.22%, 0, 0, 1, 2303.96, 6890761, 2, 0, 0
2684, 23001, 0, 1, 0, 0, 22.22%, 0, 0, 1, 1996.17, 6900496, 2, 0, 0
2689, 23041, 0, 1, 0, 0, 22.22%, 0, 0, 1, 2315.56, 6912462, 2, 0, 0
2694, 23080, 0, 1, 0, 0, 22.22%, 0, 0, 1, 2152.82, 6924016, 2, 0, 0
2699, 23124, 0, 1, 0, 0, 22.22%, 0, 0, 1, 2493.95, 6937266, 2, 0, 0
2705, 23163, 0, 1, 0, 0, 22.22%, 0, 0, 1, 2306.44, 6949061, 2, 0, 0
2710, 23206, 0, 1, 0, 0, 22.22%, 0, 0, 1, 2413.46, 6961865, 2, 0, 0
2715, 23250, 0, 1, 0, 0, 22.22%, 0, 0, 1, 2556.25, 6975066, 2, 0, 0
2720, 23287, 0, 1, 0, 0, 22.22%, 0, 0, 1, 2059.29, 6986257, 2, 0, 0
2725, 23300, 0, 1, 0, 0, 22.22%, 0, 0, 1, 1809.38, 6990186, 2, 0, 0
2730, 23315, 0, 1, 0, 0, 22.22%, 0, 0, 1, 676.26, 6994555, 2, 0, 0
2735, 23335, 0, 1, 0, 0, 22.22%, 0, 0, 1, 1092.32, 7000558, 2, 0, 0
2741, 23351, 0, 1, 0, 0, 22.22%, 0, 0, 1, 909.70, 7005615, 2, 0, 0
2746, 23369, 0, 1, 0, 0, 22.22%, 0, 0, 1, 1182.15, 7010882, 2, 0, 0
2751, 23398, 0, 1, 0, 0, 22.22%, 0, 0, 1, 1516.12, 7019545, 2, 0, 0
2756, 23428, 0, 1, 0, 0, 22.22%, 0, 0, 1, 1699.56, 7028550, 2, 0, 0
2761, 23454, 0, 1, 0, 0, 22.22%, 0, 0, 1, 1521.40, 7036509, 2, 0, 0
2766, 23463, 0, 1, 0, 0, 22.22%, 0, 0, 1, 434.75, 7039072, 2, 0, 0
2771, 23470, 0, 1, 0, 0, 22.22%, 0, 0, 1, 431.34, 7041088, 2, 0, 0
2777, 23476, 0, 1, 0, 0, 22.22%, 0, 0, 1, 359.47, 7042858, 2, 0, 0
2782, 23504, 0, 1, 0, 0, 22.22%, 0, 0, 1, 2708.00, 7051270, 2, 0, 0
2787, 23556, 0, 1, 0, 0, 22.22%, 0, 0, 1, 3070.72, 7067076, 2, 0, 0
2792, 23612, 0, 1, 0, 0, 22.22%, 0, 0, 1, 3188.41, 7083879, 2, 0, 0
2797, 23667, 0, 1, 0, 0, 22.22%, 0, 0, 1, 3231.12, 7100380, 2, 0, 0
2802, 23731, 0, 1, 0, 0, 22.22%, 0, 0, 1, 3614.86, 7119515, 2, 0, 0
2807, 23785, 0, 1, 0, 0, 22.22%, 0, 0, 1, 3257.55, 7135681, 2, 0, 0
2812, 23838, 0, 1, 0, 0, 22.22%, 0, 0, 1, 3198.48, 7151715, 2, 0, 0
2817, 23886, 0, 1, 0, 0, 22.22%, 0, 0, 1, 2871.39, 7166115, 2, 0, 0
2823, 23935, 0, 1, 0, 0, 22.22%, 0, 0, 1, 2875.20, 7180616, 2, 0, 0
2828, 23985, 0, 1, 0, 0, 22.22%, 0, 0, 1, 2986.87, 7195815, 2, 0, 0
2833, 24034, 0, 1, 0, 0, 22.22%, 0, 0, 1, 2863.30, 7210472, 2, 0, 0
2838, 24086, 0, 1, 0, 0, 22.22%, 0, 0, 1, 2934.44, 7226074, 2, 0, 0
2843, 24138, 0, 1, 0, 0, 22.22%, 0, 0, 1, 3045.20, 7241515, 2, 0, 0
2848, 24190, 0, 1, 0, 0, 22.22%, 0, 0, 1, 3035.46, 7257115, 2, 0, 0
2853, 24238, 0, 1, 0, 0, 22.22%, 0, 0, 1, 2824.00, 7271672, 2, 0, 0
2858, 24276, 0, 1, 0, 0, 22.22%, 0, 0, 1, 311.73, 7282816, 2, 0, 0
2863, 24281, 0, 1, 0, 0, 22.22%, 0, 0, 1, 341.84, 7284606, 2, 0, 0
2868, 24291, 0, 1, 0, 0, 22.22%, 0, 0, 1, 473.03, 7287334, 2, 0, 0
2874, 24300, 0, 1, 0, 0, 22.22%, 0, 0, 1, 474.94, 7290043, 2, 0, 0
2879, 24308, 0, 1, 0, 0, 22.22%, 0, 0, 1, 518.04, 7292515, 2, 0, 0
2884, 24317, 0, 1, 0, 0, 22.22%, 0, 0, 1, 509.03, 7295146, 2, 0, 0
2889, 24324, 0, 1, 0, 0, 22.22%, 0, 0, 1, 2094.06, 7297237, 2, 0, 0
2894, 24379, 0, 1, 0, 0, 22.22%, 0, 0, 1, 2969.28, 7314015, 2, 0, 0
2899, 24433, 0, 1, 0, 0, 22.22%, 0, 0, 1, 3106.75, 7330215, 2, 0, 0
2905, 24485, 0, 1, 0, 0, 22.22%, 0, 0, 1, 2993.31, 7345577, 2, 0, 0
2910, 24525, 0, 1, 0, 0, 22.22%, 0, 0, 1, 2564.67, 7357615, 2, 0, 0
2915, 24570, 0, 1, 0, 0, 22.22%, 0, 0, 1, 2667.57, 7371168, 2, 0, 0
2920, 24623, 0, 1, 0, 0, 22.22%, 0, 0, 1, 2994.92, 7387075, 2, 0, 0
2925, 24678, 0, 1, 0, 0, 22.22%, 0, 0, 1, 3200.05, 7403416, 2, 0, 0
2930, 24728, 0, 1, 0, 0, 22.22%, 0, 0, 1, 3017.20, 7418577, 2, 0, 0
2935, 24767, 0, 1, 0, 0, 22.22%, 0, 0, 1, 3302.25, 7430415, 2, 0, 0
2940, 24815, 0, 1, 0, 0, 22.22%, 0, 0, 1, 2897.44, 7444715, 2, 0, 0
2945, 24836, 0, 1, 0, 0, 22.22%, 0, 0, 1, 23.81, 7450866, 2, 0, 0
2951, 24842, 0, 1, 0, 0, 22.22%, 0, 0, 1, 345.83, 7452764, 2, 0, 0
2956, 24850, 0, 1, 0, 0, 22.22%, 0, 0, 1, 426.87, 7455196, 2, 0, 0
2961, 24856, 0, 1, 0, 0, 22.22%, 0, 0, 1, 399.11, 7457065, 2, 0, 0
2966, 24866, 0, 1, 0, 0, 22.22%, 0, 0, 1, 510.73, 7459886, 2, 0, 0
2971, 24873, 0, 1, 0, 0, 22.22%, 0, 0, 1, 435.49, 7462070, 2, 0, 0
2976, 24878, 0, 1, 0, 0, 22.22%, 0, 0, 1, 356.20, 7463700, 2, 0, 0
2981, 24885, 0, 1, 0, 0, 22.22%, 0, 0, 1, 359.33, 7465565, 2, 0, 0
2986, 24891, 0, 1, 0, 0, 22.22%, 0, 0, 1, 357.12, 7467351, 2, 0, 0
2991, 24896, 0, 1, 0, 0, 22.22%, 0, 0, 1, 628.10, 7469076, 2, 0, 0
2996, 24903, 0, 1, 0, 0, 22.22%, 0, 0, 1, 433.79, 7470940, 2, 0, 0
3002, 24938, 0, 1, 0, 0, 22.22%, 0, 0, 1, 3283.82, 7481580, 2, 0, 0
3007, 24996, 0, 1, 0, 0, 22.22%, 0, 0, 1, 3425.82, 7499115, 2, 0, 0
3012, 25061, 0, 1, 0, 0, 22.22%, 0, 0, 1, 3666.97, 7518590, 2, 0, 0
3017, 25118, 0, 1, 0, 0, 22.22%, 0, 0, 1, 3417.11, 7535515, 2, 0, 0
3022, 25174, 0, 1, 0, 0, 22.22%, 0, 0, 1, 3296.70, 7552280, 2, 0, 0
3027, 25228, 0, 1, 0, 0, 22.22%, 0, 0, 1, 3175.66, 7568515, 2, 0, 0
3032, 25286, 0, 1, 0, 0, 22.22%, 0, 0, 1, 3405.60, 7586084, 2, 0, 0
3037, 25347, 0, 1, 0, 0, 22.22%, 0, 0, 1, 3553.61, 7604387, 2, 0, 0
3042, 25397, 0, 1, 0, 0, 22.22%, 0, 0, 1, 3147.59, 7619315, 2, 0, 0
3047, 25448, 0, 1, 0, 0, 22.22%, 0, 0, 1, 3082.64, 7634715, 2, 0, 0
3052, 25493, 0, 1, 0, 0, 22.22%, 0, 0, 1, 2556.83, 7648015, 2, 0, 0
3058, 25531, 0, 1, 0, 0, 22.22%, 0, 0, 1, 2336.77, 7659562, 2, 0, 0
3063, 25545, 0, 1, 0, 0, 22.22%, 0, 0, 1, 399.54, 7663744, 2, 0, 0
3068, 25577, 0, 1, 0, 0, 22.22%, 0, 0, 1, 1801.07, 7673351, 2, 0, 0
3073, 25622, 0, 1, 0, 0, 22.22%, 0, 0, 1, 2585.67, 7686868, 2, 0, 0
3078, 25665, 0, 1, 0, 0, 22.22%, 0, 0, 1, 2567.38, 7699815, 2, 0, 0
3083, 25704, 0, 1, 0, 0, 22.22%, 0, 0, 1, 2175.63, 7711361, 2, 0, 0
3088, 25714, 0, 1, 0, 0, 22.22%, 0, 0, 1, 432.48, 7714240, 2, 0, 0
3093, 25722, 0, 1, 0, 0, 22.22%, 0, 0, 1, 481.30, 7716697, 2, 0, 0
3098, 25729, 0, 1, 0, 0, 22.22%, 0, 0, 1, 432.19, 7718716, 2, 0, 0
3103, 25738, 0, 1, 0, 0, 22.22%, 0, 0, 1, 561.83, 7721682, 2, 0, 0
3109, 25747, 0, 1, 0, 0, 22.22%, 0, 0, 1, 539.66, 7724315, 2, 0, 0
3114, 25756, 0, 1, 0, 0, 22.22%, 0, 0, 1, 454.03, 7726925, 2, 0, 0
3119, 25765, 0, 1, 0, 0, 22.22%, 0, 0, 1, 493.34, 7729586, 2, 0, 0
3124, 25771, 0, 1, 0, 0, 22.22%, 0, 0, 1, 399.44, 7731612, 2, 0, 0
3129, 25779, 0, 1, 0, 0, 22.22%, 0, 0, 1, 448.54, 7733904, 2, 0, 0
3134, 25784, 0, 1, 0, 0, 22.22%, 0, 0, 1, 150.71, 7735352, 2, 0, 0
3139, 25788, 0, 1, 0, 0, 22.22%, 0, 0, 1, 238.95, 7736696, 2, 0, 0
3144, 25796, 0, 1, 0, 0, 22.22%, 0, 0, 1, 384.41, 7738972, 2, 0, 0
3149, 25803, 0, 1, 0, 0, 22.22%, 0, 0, 1, 449.62, 7741206, 2, 0, 0
3154, 25810, 0, 1, 0, 0, 22.22%, 0, 0, 1, 413.46, 7743215, 2, 0, 0
3159, 25819, 0, 1, 0, 0, 22.22%, 0, 0, 1, 483.75, 7745870, 2, 0, 0
3165, 25832, 0, 1, 0, 0, 22.22%, 0, 0, 1, 989.16, 7749915, 2, 0, 0
3170, 25877, 0, 1, 0, 0, 22.22%, 0, 0, 1, 2450.90, 7763163, 2, 0, 0
3175, 25925, 0, 1, 0, 0, 22.22%, 0, 0, 1, 2652.79, 7777668, 2, 0, 0
3180, 25979, 0, 1, 0, 0, 22.22%, 0, 0, 1, 3068.68, 7793977, 2, 0, 0
3185, 26034, 0, 1, 0, 0, 22.22%, 0, 0, 1, 3249.47, 7810380, 2, 0, 0
3190, 26079, 0, 1, 0, 0, 22.22%, 0, 0, 1, 2692.73, 7824015, 2, 0, 0
3195, 26120, 0, 1, 0, 0, 22.22%, 0, 0, 1, 2373.85, 7836064, 2, 0, 0
3201, 26128, 0, 1, 0, 0, 22.22%, 0, 0, 1, 350.53, 7838607, 2, 0, 0
3206, 26135, 0, 1, 0, 0, 22.22%, 0, 0, 1, 398.52, 7840632, 2, 0, 0
3211, 26168, 0, 1, 0, 0, 22.22%, 0, 0, 1, 2373.99, 7850464, 2, 0, 0
3216, 26186, 0, 1, 0, 0, 22.22%, 0, 0, 1, 999.52, 7855854, 2, 0, 0
3221, 26205, 0, 1, 0, 0, 22.22%, 0, 0, 1, 1173.29, 7861539, 2, 0, 0
3226, 26225, 0, 1, 0, 0, 22.22%, 0, 0, 1, 1296.77, 7867766, 2, 0, 0
3231, 26243, 0, 1, 0, 0, 22.22%, 0, 0, 1, 1181.60, 7873040, 2, 0, 0
3236, 26255, 0, 1, 0, 0, 22.22%, 0, 0, 1, 806.41, 7876596, 2, 0, 0
3241, 26273, 0, 1, 0, 0, 22.22%, 0, 0, 1, 1148.33, 7881976, 2, 0, 0
3246, 26284, 0, 1, 0, 0, 22.22%, 0, 0, 1, 720.67, 7885294, 2, 0, 0
3252, 26303, 0, 1, 0, 0, 22.22%, 0, 0, 1, 980.28, 7891176, 2, 0, 0
3257, 26312, 0, 1, 0, 0, 22.22%, 0, 0, 1, 1833.48, 7893692, 2, 0, 0
3262, 26329, 0, 1, 0, 0, 22.22%, 0, 0, 1, 1381.86, 7898943, 2, 0, 0
3267, 26345, 0, 1, 0, 0, 22.22%, 0, 0, 1, 1922.24, 7903590, 2, 0, 0
3272, 26349, 0, 1, 0, 0, 22.22%, 0, 0, 1, 35.76, 7904940, 2, 0, 0
3277, 26350, 0, 1, 0, 0, 22.22%, 0, 0, 1, 48.12, 7905289, 2, 0, 0
3283, 26352, 0, 1, 0, 0, 22.22%, 0, 0, 1, 117.89, 7905714, 2, 0, 0
3288, 26362, 0, 1, 0, 0, 22.22%, 0, 0, 1, 703.64, 7908816, 2, 0, 0
3293, 26376, 0, 1, 0, 0, 22.22%, 0, 0, 1, 750.28, 7912858, 2, 0, 0
3298, 26391, 0, 1, 0, 0, 22.22%, 0, 0, 1, 1167.78, 7917385, 2, 0, 0
3303, 26407, 0, 1, 0, 0, 22.22%, 0, 0, 1, 1021.77, 7922200, 2, 0, 0
3308, 26414, 0, 1, 0, 0, 22.22%, 0, 0, 1, 1031.81, 7924237, 2, 0, 0
3313, 26420, 0, 1, 0, 0, 22.22%, 0, 0, 1, 130.47, 7926090, 2, 0, 0
3319, 26422, 0, 1, 0, 0, 22.22%, 0, 0, 1, 110.38, 7926634, 2, 0, 0
3324, 26424, 0, 1, 0, 0, 22.22%, 0, 0, 1, 120.96, 7927288, 2, 0, 0
3329, 26426, 0, 1, 0, 0, 22.22%, 0, 0, 1, 180.15, 7927879, 2, 0, 0
3334, 26433, 0, 1, 0, 0, 22.22%, 0, 0, 1, 458.97, 7930088, 2, 0, 0
3339, 26442, 0, 1, 0, 0, 22.22%, 0, 0, 1, 479.42, 7932766, 2, 0, 0
3344, 26447, 0, 1, 0, 0, 22.22%, 0, 0, 1, 22.83, 7934171, 2, 0, 0
3349, 26449, 0, 1, 0, 0, 22.22%, 0, 0, 1, 279.06, 7934956, 2, 0, 0
3354, 26451, 0, 1, 0, 0, 22.22%, 0, 0, 1, 15.38, 7935574, 2, 0, 0
3359, 26454, 0, 1, 0, 0, 22.22%, 0, 0, 1, 175.28, 7936419, 2, 0, 0
3364, 26457, 0, 1, 0, 0, 22.22%, 0, 0, 1, 173.27, 7937263, 2, 0, 0
3370, 26460, 0, 1, 0, 0, 22.22%, 0, 0, 1, 412.13, 7938180, 2, 0, 0
3375, 26464, 0, 1, 0, 0, 22.22%, 0, 0, 1, 10.60, 7939368, 2, 0, 0
3380, 26467, 0, 1, 0, 0, 22.22%, 0, 0, 1, 159.73, 7940170, 2, 0, 0
3385, 26468, 0, 1, 0, 0, 22.22%, 0, 0, 1, 47.44, 7940685, 2, 0, 0
3390, 26470, 0, 1, 0, 0, 22.22%, 0, 0, 1, 184.50, 7941076, 2, 0, 0
3395, 26472, 0, 1, 0, 0, 22.22%, 0, 0, 1, 230.96, 7941828, 2, 0, 0
3400, 26477, 0, 1, 0, 0, 22.22%, 0, 0, 1, 234.57, 7943372, 2, 0, 0
3406, 26491, 0, 1, 0, 0, 22.22%, 0, 0, 1, 201.78, 7947464, 2, 0, 0
3411, 26495, 0, 1, 0, 0, 22.22%, 0, 0, 1, 120.37, 7948688, 2, 0, 0
3416, 26508, 0, 1, 0, 0, 22.22%, 0, 0, 1, 698.11, 7952576, 2, 0, 0
3421, 26524, 0, 1, 0, 0, 22.22%, 0, 0, 1, 841.56, 7957233, 2, 0, 0
3426, 26537, 0, 1, 0, 0, 22.22%, 0, 0, 1, 1010.11, 7961315, 2, 0, 0
3431, 26556, 0, 1, 0, 0, 22.22%, 0, 0, 1, 1091.82, 7967004, 2, 0, 0
3436, 26574, 0, 1, 0, 0, 22.22%, 0, 0, 1, 1002.17, 7972379, 2, 0, 0
3441, 26582, 0, 1, 0, 0, 22.22%, 0, 0, 1, 476.27, 7974834, 2, 0, 0
3447, 26587, 0, 1, 0, 0, 22.22%, 0, 0, 1, 102.90, 7976368, 2, 0, 0
3452, 26595, 0, 1, 0, 0, 22.22%, 0, 0, 1, 460.39, 7978797, 2, 0, 0
3457, 26610, 0, 1, 0, 0, 22.22%, 0, 0, 1, 827.96, 7983296, 2, 0, 0
3462, 26623, 0, 1, 0, 0, 22.22%, 0, 0, 1, 888.59, 7987052, 2, 0, 0
3467, 26635, 0, 1, 0, 0, 22.22%, 0, 0, 1, 134.18, 7990516, 2, 0, 0
3472, 26645, 0, 1, 0, 0, 22.22%, 0, 0, 1, 191.05, 7993640, 2, 0, 0
3477, 26650, 0, 1, 0, 0, 22.22%, 0, 0, 1, 568.26, 7995227, 2, 0, 0
3482, 26653, 0, 1, 0, 0, 22.22%, 0, 0, 1, 62.66, 7996172, 2, 0, 0
3487, 26658, 0, 1, 0, 0, 22.22%, 0, 0, 1, 140.72, 7997430, 2, 0, 0
3493, 26661, 0, 1, 0, 0, 22.22%, 0, 0, 1, 180.70, 7998515, 2, 0, 0
3498, 26665, 0, 1, 0, 0, 22.22%, 0, 0, 1, 261.70, 7999516, 2, 0, 0
3503, 26667, 0, 1, 0, 0, 22.22%, 0, 0, 1, 63.24, 8000160, 2, 0, 0
3508, 26671, 0, 1, 0, 0, 22.22%, 0, 0, 1, 883.80, 8001388, 2, 0, 0
3510, 26674, 0, 1, 0, 0, 22.22%, 0, 0, 1, 474.38, 8002381, 2, 0, 0
