# relative_time, cycles_done, cur_item, corpus_count, pending_total, pending_favs, map_size, saved_crashes, saved_hangs, max_depth, execs_per_sec, total_execs, edges_found, total_crashes, servers_count
61, 98, 0, 1, 0, 0, 22.22%, 0, 0, 1, 686.22, 29542, 2, 0, 0
66, 106, 0, 1, 0, 0, 22.22%, 0, 0, 1, 498.29, 31870, 2, 0, 0
71, 111, 0, 1, 0, 0, 22.22%, 0, 0, 1, 353.45, 33334, 2, 0, 0
76, 118, 0, 1, 0, 0, 22.22%, 0, 0, 1, 379.87, 35430, 2, 0, 0
81, 124, 0, 1, 0, 0, 22.22%, 0, 0, 1, 358.16, 37337, 2, 0, 0
86, 129, 0, 1, 0, 0, 22.22%, 0, 0, 1, 295.85, 38740, 2, 0, 0
91, 133, 0, 1, 0, 0, 22.22%, 0, 0, 1, 256.56, 39971, 2, 0, 0
96, 137, 0, 1, 0, 0, 22.22%, 0, 0, 1, 263.50, 41336, 2, 0, 0
102, 142, 0, 1, 0, 0, 22.22%, 0, 0, 1, 325.10, 42888, 2, 0, 0
107, 149, 0, 1, 0, 0, 22.22%, 0, 0, 1, 362.93, 44800, 2, 0, 0
112, 154, 0, 1, 0, 0, 22.22%, 0, 0, 1, 336.72, 46388, 2, 0, 0
117, 160, 0, 1, 0, 0, 22.22%, 0, 0, 1, 327.63, 48182, 2, 0, 0
122, 169, 0, 1, 0, 0, 22.22%, 0, 0, 1, 534.45, 50886, 2, 0, 0
127, 177, 0, 1, 0, 0, 22.22%, 0, 0, 1, 461.37, 53161, 2, 0, 0
132, 185, 0, 1, 0, 0, 22.22%, 0, 0, 1, 474.36, 55815, 2, 0, 0
137, 194, 0, 1, 0, 0, 22.22%, 0, 0, 1, 499.71, 58270, 2, 0, 0
142, 207, 0, 1, 0, 0, 22.22%, 0, 0, 1, 681.74, 62142, 2, 0, 0
147, 218, 0, 1, 0, 0, 22.22%, 0, 0, 1, 706.09, 65668, 2, 0, 0
153, 230, 0, 1, 0, 0, 22.22%, 0, 0, 1, 682.41, 69168, 2, 0, 0
158, 246, 0, 1, 0, 0, 22.22%, 0, 0, 1, 850.36, 73833, 2, 0, 0
163, 254, 0, 1, 0, 0, 22.22%, 0, 0, 1, 536.75, 76356, 2, 0, 0
168, 266, 0, 1, 0, 0, 22.22%, 0, 0, 1, 741.10, 80000, 2, 0, 0
173, 276, 0, 1, 0, 0, 22.22%, 0, 0, 1, 552.79, 82904, 2, 0, 0
178, 285, 0, 1, 0, 0, 22.22%, 0, 0, 1, 108.01, 85646, 2, 0, 0
183, 295, 0, 1, 0, 0, 22.22%, 0, 0, 1, 531.45, 88615, 2, 0, 0
188, 305, 0, 1, 0, 0, 22.22%, 0, 0, 1, 536.81, 91566, 2, 0, 0
193, 314, 0, 1, 0, 0, 22.22%, 0, 0, 1, 525.70, 94236, 2, 0, 0
198, 324, 0, 1, 0, 0, 22.22%, 0, 0, 1, 580.03, 97293, 2, 0, 0
204, 333, 0, 1, 0, 0, 22.22%, 0, 0, 1, 542.00, 100093, 2, 0, 0
209, 343, 0, 1, 0, 0, 22.22%, 0, 0, 1, 545.99, 102938, 2, 0, 0
214, 353, 0, 1, 0, 0, 22.22%, 0, 0, 1, 616.54, 105928, 2, 0, 0
219, 364, 0, 1, 0, 0, 22.22%, 0, 0, 1, 698.01, 109407, 2, 0, 0
224, 375, 0, 1, 0, 0, 22.22%, 0, 0, 1, 628.14, 112600, 2, 0, 0
229, 387, 0, 1, 0, 0, 22.22%, 0, 0, 1, 687.77, 116168, 2, 0, 0
234, 399, 0, 1, 0, 0, 22.22%, 0, 0, 1, 754.16, 120006, 2, 0, 0
239, 410, 0, 1, 0, 0, 22.22%, 0, 0, 1, 615.90, 123152, 2, 0, 0
244, 418, 0, 1, 0, 0, 22.22%, 0, 0, 1, 305.85, 125471, 2, 0, 0
249, 425, 0, 1, 0, 0, 22.22%, 0, 0, 1, 408.15, 127548, 2, 0, 0
254, 433, 0, 1, 0, 0, 22.22%, 0, 0, 1, 514.94, 130006, 2, 0, 0
259, 444, 0, 1, 0, 0, 22.22%, 0, 0, 1, 650.40, 133507, 2, 0, 0
265, 458, 0, 1, 0, 0, 22.22%, 0, 0, 1, 810.01, 137686, 2, 0, 0
270, 475, 0, 1, 0, 0, 22.22%, 0, 0, 1, 941.02, 142535, 2, 0, 0
275, 485, 0, 1, 0, 0, 22.22%, 0, 0, 1, 648.90, 145794, 2, 0, 0
280, 495, 0, 1, 0, 0, 22.22%, 0, 0, 1, 585.47, 148782, 2, 0, 0
285, 505, 0, 1, 0, 0, 22.22%, 0, 0, 1, 625.30, 151776, 2, 0, 0
290, 516, 0, 1, 0, 0, 22.22%, 0, 0, 1, 622.53, 154876, 2, 0, 0
295, 525, 0, 1, 0, 0, 22.22%, 0, 0, 1, 568.57, 157793, 2, 0, 0
300, 535, 0, 1, 0, 0, 22.22%, 0, 0, 1, 558.68, 160649, 2, 0, 0
305, 544, 0, 1, 0, 0, 22.22%, 0, 0, 1, 610.81, 163416, 2, 0, 0
310, 557, 0, 1, 0, 0, 22.22%, 0, 0, 1, 657.77, 167194, 2, 0, 0
316, 571, 0, 1, 0, 0, 22.22%, 0, 0, 1, 847.19, 171596, 2, 0, 0
321, 583, 0, 1, 0, 0, 22.22%, 0, 0, 1, 728.57, 175130, 2, 0, 0
326, 598, 0, 1, 0, 0, 22.22%, 0, 0, 1, 888.89, 179684, 2, 0, 0
331, 612, 0, 1, 0, 0, 22.22%, 0, 0, 1, 899.17, 183850, 2, 0, 0
336, 628, 0, 1, 0, 0, 22.22%, 0, 0, 1, 958.55, 188588, 2, 0, 0
341, 644, 0, 1, 0, 0, 22.22%, 0, 0, 1, 943.33, 193315, 2, 0, 0
346, 657, 0, 1, 0, 0, 22.22%, 0, 0, 1, 850.68, 197296, 2, 0, 0
351, 674, 0, 1, 0, 0, 22.22%, 0, 0, 1, 969.14, 202354, 2, 0, 0
356, 685, 0, 1, 0, 0, 22.22%, 0, 0, 1, 722.10, 205758, 2, 0, 0
361, 697, 0, 1, 0, 0, 22.22%, 0, 0, 1, 680.46, 209229, 2, 0, 0
366, 707, 0, 1, 0, 0, 22.22%, 0, 0, 1, 642.79, 212340, 2, 0, 0
371, 720, 0, 1, 0, 0, 22.22%, 0, 0, 1, 813.69, 216196, 2, 0, 0
376, 732, 0, 1, 0, 0, 22.22%, 0, 0, 1, 717.71, 219672, 2, 0, 0
381, 741, 0, 1, 0, 0, 22.22%, 0, 0, 1, 616.72, 222588, 2, 0, 0
387, 755, 0, 1, 0, 0, 22.22%, 0, 0, 1, 723.07, 226530, 2, 0, 0
392, 768, 0, 1, 0, 0, 22.22%, 0, 0, 1, 772.43, 230706, 2, 0, 0
397, 784, 0, 1, 0, 0, 22.22%, 0, 0, 1, 870.63, 235501, 2, 0, 0
402, 799, 0, 1, 0, 0, 22.22%, 0, 0, 1, 843.01, 239896, 2, 0, 0
407, 814, 0, 1, 0, 0, 22.22%, 0, 0, 1, 811.97, 244264, 2, 0, 0
412, 828, 0, 1, 0, 0, 22.22%, 0, 0, 1, 822.88, 248680, 2, 0, 0
417, 842, 0, 1, 0, 0, 22.22%, 0, 0, 1, 779.28, 252661, 2, 0, 0
422, 856, 0, 1, 0, 0, 22.22%, 0, 0, 1, 891.10, 257115, 2, 0, 0
427, 869, 0, 1, 0, 0, 22.22%, 0, 0, 1, 819.18, 260912, 2, 0, 0
432, 883, 0, 1, 0, 0, 22.22%, 0, 0, 1, 854.19, 265196, 2, 0, 0
437, 895, 0, 1, 0, 0, 22.22%, 0, 0, 1, 749.90, 268658, 2, 0, 0
443, 908, 0, 1, 0, 0, 22.22%, 0, 0, 1, 737.00, 272544, 2, 0, 0
448, 921, 0, 1, 0, 0, 22.22%, 0, 0, 1, 852.81, 276580, 2, 0, 0
453, 932, 0, 1, 0, 0, 22.22%, 0, 0, 1, 719.35, 279900, 2, 0, 0
458, 946, 0, 1, 0, 0, 22.22%, 0, 0, 1, 795.13, 284048, 2, 0, 0
463, 958, 0, 1, 0, 0, 22.22%, 0, 0, 1, 694.81, 287514, 2, 0, 0
468, 970, 0, 1, 0, 0, 22.22%, 0, 0, 1, 734.41, 291114, 2, 0, 0
473, 981, 0, 1, 0, 0, 22.22%, 0, 0, 1, 702.92, 294544, 2, 0, 0
478, 990, 0, 1, 0, 0, 22.22%, 0, 0, 1, 578.84, 297304, 2, 0, 0
483, 1002, 0, 1, 0, 0, 22.22%, 0, 0, 1, 618.74, 300764, 2, 0, 0
489, 1017, 0, 1, 0, 0, 22.22%, 0, 0, 1, 799.16, 305206, 2, 0, 0
494, 1030, 0, 1, 0, 0, 22.22%, 0, 0, 1, 767.85, 309044, 2, 0, 0
499, 1042, 0, 1, 0, 0, 22.22%, 0, 0, 1, 764.24, 312906, 2, 0, 0
504, 1048, 0, 1, 0, 0, 22.22%, 0, 0, 1, 93.74, 314558, 2, 0, 0
509, 1052, 0, 1, 0, 0, 22.22%, 0, 0, 1, 262.65, 315886, 2, 0, 0
514, 1058, 0, 1, 0, 0, 22.22%, 0, 0, 1, 379.96, 317623, 2, 0, 0
519, 1069, 0, 1, 0, 0, 22.22%, 0, 0, 1, 621.96, 320928, 2, 0, 0
524, 1077, 0, 1, 0, 0, 22.22%, 0, 0, 1, 469.56, 323206, 2, 0, 0
529, 1085, 0, 1, 0, 0, 22.22%, 0, 0, 1, 584.43, 325682, 2, 0, 0
534, 1095, 0, 1, 0, 0, 22.22%, 0, 0, 1, 595.39, 328727, 2, 0, 0
539, 1106, 0, 1, 0, 0, 22.22%, 0, 0, 1, 607.23, 331982, 2, 0, 0
544, 1113, 0, 1, 0, 0, 22.22%, 0, 0, 1, 226.76, 334032, 2, 0, 0
549, 1116, 0, 1, 0, 0, 22.22%, 0, 0, 1, 213.05, 334980, 2, 0, 0
554, 1119, 0, 1, 0, 0, 22.22%, 0, 0, 1, 80.91, 335751, 2, 0, 0
560, 1122, 0, 1, 0, 0, 22.22%, 0, 0, 1, 146.65, 336619, 2, 0, 0
565, 1132, 0, 1, 0, 0, 22.22%, 0, 0, 1, 1075.61, 339700, 2, 0, 0
570, 1150, 0, 1, 0, 0, 22.22%, 0, 0, 1, 1147.55, 345162, 2, 0, 0
575, 1166, 0, 1, 0, 0, 22.22%, 0, 0, 1, 965.62, 349992, 2, 0, 0
580, 1182, 0, 1, 0, 0, 22.22%, 0, 0, 1, 969.41, 354911, 2, 0, 0
585, 1201, 0, 1, 0, 0, 22.22%, 0, 0, 1, 1037.94, 360476, 2, 0, 0
590, 1217, 0, 1, 0, 0, 22.22%, 0, 0, 1, 984.57, 365411, 2, 0, 0
595, 1232, 0, 1, 0, 0, 22.22%, 0, 0, 1, 870.69, 369750, 2, 0, 0
600, 1244, 0, 1, 0, 0, 22.22%, 0, 0, 1, 770.25, 373406, 2, 0, 0
605, 1257, 0, 1, 0, 0, 22.22%, 0, 0, 1, 809.31, 377391, 2, 0, 0
611, 1274, 0, 1, 0, 0, 22.22%, 0, 0, 1, 938.28, 382434, 2, 0, 0
616, 1293, 0, 1, 0, 0, 22.22%, 0, 0, 1, 1064.76, 388100, 2, 0, 0
621, 1309, 0, 1, 0, 0, 22.22%, 0, 0, 1, 967.15, 392773, 2, 0, 0
626, 1324, 0, 1, 0, 0, 22.22%, 0, 0, 1, 887.40, 397350, 2, 0, 0
631, 1340, 0, 1, 0, 0, 22.22%, 0, 0, 1, 897.40, 402067, 2, 0, 0
636, 1353, 0, 1, 0, 0, 22.22%, 0, 0, 1, 798.27, 406015, 2, 0, 0
641, 1361, 0, 1, 0, 0, 22.22%, 0, 0, 1, 134.33, 408408, 2, 0, 0
646, 1363, 0, 1, 0, 0, 22.22%, 0, 0, 1, 127.78, 409022, 2, 0, 0
651, 1366, 0, 1, 0, 0, 22.22%, 0, 0, 1, 856.44, 410050, 2, 0, 0
657, 1369, 0, 1, 0, 0, 22.22%, 0, 0, 1, 120.00, 410878, 2, 0, 0
662, 1371, 0, 1, 0, 0, 22.22%, 0, 0, 1, 141.86, 411550, 2, 0, 0
667, 1373, 0, 1, 0, 0, 22.22%, 0, 0, 1, 125.54, 412154, 2, 0, 0
672, 1377, 0, 1, 0, 0, 22.22%, 0, 0, 1, 225.06, 413228, 2, 0, 0
677, 1394, 0, 1, 0, 0, 22.22%, 0, 0, 1, 838.70, 418412, 2, 0, 0
682, 1408, 0, 1, 0, 0, 22.22%, 0, 0, 1, 739.37, 422561, 2, 0, 0
687, 1422, 0, 1, 0, 0, 22.22%, 0, 0, 1, 811.26, 426776, 2, 0, 0
692, 1434, 0, 1, 0, 0, 22.22%, 0, 0, 1, 763.56, 430515, 2, 0, 0
697, 1450, 0, 1, 0, 0, 22.22%, 0, 0, 1, 850.67, 435050, 2, 0, 0
702, 1465, 0, 1, 0, 0, 22.22%, 0, 0, 1, 908.34, 439606, 2, 0, 0
708, 1483, 0, 1, 0, 0, 22.22%, 0, 0, 1, 1033.44, 445215, 2, 0, 0
713, 1496, 0, 1, 0, 0, 22.22%, 0, 0, 1, 769.85, 448946, 2, 0, 0
718, 1512, 0, 1, 0, 0, 22.22%, 0, 0, 1, 1184.88, 453664, 2, 0, 0
723, 1525, 0, 1, 0, 0, 22.22%, 0, 0, 1, 890.25, 457784, 2, 0, 0
728, 1537, 0, 1, 0, 0, 22.22%, 0, 0, 1, 53.79, 461135, 2, 0, 0
733, 1539, 0, 1, 0, 0, 22.22%, 0, 0, 1, 143.67, 461960, 2, 0, 0
738, 1541, 0, 1, 0, 0, 22.22%, 0, 0, 1, 118.01, 462584, 2, 0, 0
743, 1544, 0, 1, 0, 0, 22.22%, 0, 0, 1, 146.19, 463325, 2, 0, 0
748, 1549, 0, 1, 0, 0, 22.22%, 0, 0, 1, 267.75, 464826, 2, 0, 0
753, 1551, 0, 1, 0, 0, 22.22%, 0, 0, 1, 160.04, 465479, 2, 0, 0
758, 1553, 0, 1, 0, 0, 22.22%, 0, 0, 1, 130.11, 466056, 2, 0, 0
764, 1555, 0, 1, 0, 0, 22.22%, 0, 0, 1, 131.20, 466802, 2, 0, 0
769, 1559, 0, 1, 0, 0, 22.22%, 0, 0, 1, 236.78, 467740, 2, 0, 0
774, 1562, 0, 1, 0, 0, 22.22%, 0, 0, 1, 262.96, 468636, 2, 0, 0
779, 1565, 0, 1, 0, 0, 22.22%, 0, 0, 1, 206.85, 469648, 2, 0, 0
784, 1578, 0, 1, 0, 0, 22.22%, 0, 0, 1, 1149.40, 473504, 2, 0, 0
789, 1596, 0, 1, 0, 0, 22.22%, 0, 0, 1, 1084.68, 478837, 2, 0, 0
794, 1614, 0, 1, 0, 0, 22.22%, 0, 0, 1, 1085.04, 484458, 2, 0, 0
799, 1633, 0, 1, 0, 0, 22.22%, 0, 0, 1, 1031.80, 490000, 2, 0, 0
804, 1648, 0, 1, 0, 0, 22.22%, 0, 0, 1, 929.05, 494606, 2, 0, 0
809, 1665, 0, 1, 0, 0, 22.22%, 0, 0, 1, 917.93, 499784, 2, 0, 0
815, 1683, 0, 1, 0, 0, 22.22%, 0, 0, 1, 1017.49, 505156, 2, 0, 0
820, 1700, 0, 1, 0, 0, 22.22%, 0, 0, 1, 1039.80, 510296, 2, 0, 0
825, 1716, 0, 1, 0, 0, 22.22%, 0, 0, 1, 967.76, 514835, 2, 0, 0
830, 1732, 0, 1, 0, 0, 22.22%, 0, 0, 1, 962.75, 519673, 2, 0, 0
835, 1746, 0, 1, 0, 0, 22.22%, 0, 0, 1, 781.47, 523832, 2, 0, 0
840, 1758, 0, 1, 0, 0, 22.22%, 0, 0, 1, 768.24, 527529, 2, 0, 0
845, 1764, 0, 1, 0, 0, 22.22%, 0, 0, 1, 208.28, 529368, 2, 0, 0
850, 1779, 0, 1, 0, 0, 22.22%, 0, 0, 1, 1322.56, 533841, 2, 0, 0
855, 1794, 0, 1, 0, 0, 22.22%, 0, 0, 1, 936.66, 538335, 2, 0, 0
860, 1811, 0, 1, 0, 0, 22.22%, 0, 0, 1, 903.62, 543588, 2, 0, 0
865, 1826, 0, 1, 0, 0, 22.22%, 0, 0, 1, 842.15, 547984, 2, 0, 0
871, 1829, 0, 1, 0, 0, 22.22%, 0, 0, 1, 144.97, 548850, 2, 0, 0
876, 1832, 0, 1, 0, 0, 22.22%, 0, 0, 1, 193.21, 549803, 2, 0, 0
881, 1835, 0, 1, 0, 0, 22.22%, 0, 0, 1, 169.21, 550640, 2, 0, 0
886, 1838, 0, 1, 0, 0, 22.22%, 0, 0, 1, 166.37, 551452, 2, 0, 0
891, 1841, 0, 1, 0, 0, 22.22%, 0, 0, 1, 174.18, 552446, 2, 0, 0
896, 1844, 0, 1, 0, 0, 22.22%, 0, 0, 1, 87.43, 553340, 2, 0, 0
901, 1849, 0, 1, 0, 0, 22.22%, 0, 0, 1, 77.04, 554906, 2, 0, 0
906, 1851, 0, 1, 0, 0, 22.22%, 0, 0, 1, 91.38, 555451, 2, 0, 0
911, 1854, 0, 1, 0, 0, 22.22%, 0, 0, 1, 111.08, 556484, 2, 0, 0
916, 1856, 0, 1, 0, 0, 22.22%, 0, 0, 1, 92.16, 556976, 2, 0, 0
922, 1858, 0, 1, 0, 0, 22.22%, 0, 0, 1, 92.21, 557476, 2, 0, 0
927, 1860, 0, 1, 0, 0, 22.22%, 0, 0, 1, 77.35, 558290, 2, 0, 0
932, 1863, 0, 1, 0, 0, 22.22%, 0, 0, 1, 131.01, 558984, 2, 0, 0
937, 1865, 0, 1, 0, 0, 22.22%, 0, 0, 1, 150.56, 559791, 2, 0, 0
942, 1868, 0, 1, 0, 0, 22.22%, 0, 0, 1, 166.23, 560673, 2, 0, 0
947, 1874, 0, 1, 0, 0, 22.22%, 0, 0, 1, 844.48, 562396, 2, 0, 0
952, 1887, 0, 1, 0, 0, 22.22%, 0, 0, 1, 872.40, 566384, 2, 0, 0
958, 1900, 0, 1, 0, 0, 22.22%, 0, 0, 1, 725.12, 570258, 2, 0, 0
963, 1913, 0, 1, 0, 0, 22.22%, 0, 0, 1, 768.62, 573946, 2, 0, 0
968, 1928, 0, 1, 0, 0, 22.22%, 0, 0, 1, 919.58, 578452, 2, 0, 0
973, 1945, 0, 1, 0, 0, 22.22%, 0, 0, 1, 1018.32, 583635, 2, 0, 0
978, 1961, 0, 1, 0, 0, 22.22%, 0, 0, 1, 882.50, 588334, 2, 0, 0
983, 1965, 0, 1, 0, 0, 22.22%, 0, 0, 1, 345.19, 589551, 2, 0, 0
988, 1968, 0, 1, 0, 0, 22.22%, 0, 0, 1, 220.64, 590564, 2, 0, 0
993, 1977, 0, 1, 0, 0, 22.22%, 0, 0, 1, 484.81, 593279, 2, 0, 0
998, 1985, 0, 1, 0, 0, 22.22%, 0, 0, 1, 206.16, 595700, 2, 0, 0
1003, 1992, 0, 1, 0, 0, 22.22%, 0, 0, 1, 379.74, 597730, 2, 0, 0
1009, 1998, 0, 1, 0, 0, 22.22%, 0, 0, 1, 355.01, 599586, 2, 0, 0
1014, 2006, 0, 1, 0, 0, 22.22%, 0, 0, 1, 368.08, 601986, 2, 0, 0
1019, 2014, 0, 1, 0, 0, 22.22%, 0, 0, 1, 426.04, 604264, 2, 0, 0
1024, 2017, 0, 1, 0, 0, 22.22%, 0, 0, 1, 263.17, 605346, 2, 0, 0
1029, 2025, 0, 1, 0, 0, 22.22%, 0, 0, 1, 488.43, 607534, 2, 0, 0
1034, 2032, 0, 1, 0, 0, 22.22%, 0, 0, 1, 80.96, 609696, 2, 0, 0
1039, 2034, 0, 1, 0, 0, 22.22%, 0, 0, 1, 178.22, 610358, 2, 0, 0
1044, 2041, 0, 1, 0, 0, 22.22%, 0, 0, 1, 466.89, 612561, 2, 0, 0
1049, 2049, 0, 1, 0, 0, 22.22%, 0, 0, 1, 562.64, 614793, 2, 0, 0
1054, 2050, 0, 1, 0, 0, 22.22%, 0, 0, 1, 18.53, 615202, 2, 0, 0
1060, 2051, 0, 1, 0, 0, 22.22%, 0, 0, 1, 2.78, 615316, 2, 0, 0
1065, 2051, 0, 1, 0, 0, 22.22%, 0, 0, 1, 43.96, 615528, 2, 0, 0
1070, 2055, 0, 1, 0, 0, 22.22%, 0, 0, 1, 610.96, 616600, 2, 0, 0
1075, 2059, 0, 1, 0, 0, 22.22%, 0, 0, 1, 317.60, 617806, 2, 0, 0
1080, 2062, 0, 1, 0, 0, 22.22%, 0, 0, 1, 245.90, 618892, 2, 0, 0
1085, 2069, 0, 1, 0, 0, 22.22%, 0, 0, 1, 397.48, 620993, 2, 0, 0
1090, 2072, 0, 1, 0, 0, 22.22%, 0, 0, 1, 67.08, 621648, 2, 0, 0
1095, 2074, 0, 1, 0, 0, 22.22%, 0, 0, 1, 88.59, 622220, 2, 0, 0
1100, 2074, 0, 1, 0, 0, 22.22%, 0, 0, 1, 56.92, 622434, 2, 0, 0
1105, 2075, 0, 1, 0, 0, 22.22%, 0, 0, 1, 15.97, 622601, 2, 0, 0
1110, 2075, 0, 1, 0, 0, 22.22%, 0, 0, 1, 28.61, 622768, 2, 0, 0
1115, 2078, 0, 1, 0, 0, 22.22%, 0, 0, 1, 293.81, 623515, 2, 0, 0
1120, 2081, 0, 1, 0, 0, 22.22%, 0, 0, 1, 194.82, 624449, 2, 0, 0
1126, 2082, 0, 1, 0, 0, 22.22%, 0, 0, 1, 61.44, 624889, 2, 0, 0
1131, 2083, 0, 1, 0, 0, 22.22%, 0, 0, 1, 11.78, 625100, 2, 0, 0
1136, 2084, 0, 1, 0, 0, 22.22%, 0, 0, 1, 46.42, 625360, 2, 0, 0
1141, 2085, 0, 1, 0, 0, 22.22%, 0, 0, 1, 83.40, 625683, 2, 0, 0
1146, 2086, 0, 1, 0, 0, 22.22%, 0, 0, 1, 71.72, 626037, 2, 0, 0
1151, 2087, 0, 1, 0, 0, 22.22%, 0, 0, 1, 53.69, 626315, 2, 0, 0
1156, 2088, 0, 1, 0, 0, 22.22%, 0, 0, 1, 60.20, 626666, 2, 0, 0
1161, 2089, 0, 1, 0, 0, 22.22%, 0, 0, 1, 38.56, 626872, 2, 0, 0
1166, 2089, 0, 1, 0, 0, 22.22%, 0, 0, 1, 27.87, 626991, 2, 0, 0
1171, 2090, 0, 1, 0, 0, 22.22%, 0, 0, 1, 3.27, 627078, 2, 0, 0
1176, 2091, 0, 1, 0, 0, 22.22%, 0, 0, 1, 6.21, 627350, 2, 0, 0
1181, 2092, 0, 1, 0, 0, 22.22%, 0, 0, 1, 290.00, 627618, 2, 0, 0
1187, 2099, 0, 1, 0, 0, 22.22%, 0, 0, 1, 376.47, 630006, 2, 0, 0
1192, 2102, 0, 1, 0, 0, 22.22%, 0, 0, 1, 73.76, 630737, 2, 0, 0
1197, 2104, 0, 1, 0, 0, 22.22%, 0, 0, 1, 109.48, 631488, 2, 0, 0
1202, 2112, 0, 1, 0, 0, 22.22%, 0, 0, 1, 338.59, 633723, 2, 0, 0
1207, 2115, 0, 1, 0, 0, 22.22%, 0, 0, 1, 242.63, 634788, 2, 0, 0
1212, 2124, 0, 1, 0, 0, 22.22%, 0, 0, 1, 412.47, 637424, 2, 0, 0
1217, 2129, 0, 1, 0, 0, 22.22%, 0, 0, 1, 307.79, 638952, 2, 0, 0
1222, 2132, 0, 1, 0, 0, 22.22%, 0, 0, 1, 305.84, 639800, 2, 0, 0
1227, 2134, 0, 1, 0, 0, 22.22%, 0, 0, 1, 50.76, 640315, 2, 0, 0
1232, 2136, 0, 1, 0, 0, 22.22%, 0, 0, 1, 84.50, 640841, 2, 0, 0
1237, 2140, 0, 1, 0, 0, 22.22%, 0, 0, 1, 185.76, 642300, 2, 0, 0
1242, 2144, 0, 1, 0, 0, 22.22%, 0, 0, 1, 181.52, 643352, 2, 0, 0
1247, 2149, 0, 1, 0, 0, 22.22%, 0, 0, 1, 293.64, 644791, 2, 0, 0
1253, 2152, 0, 1, 0, 0, 22.22%, 0, 0, 1, 86.28, 645777, 2, 0, 0
1258, 2155, 0, 1, 0, 0, 22.22%, 0, 0, 1, 137.21, 646628, 2, 0, 0
1263, 2158, 0, 1, 0, 0, 22.22%, 0, 0, 1, 64.25, 647512, 2, 0, 0
1268, 2160, 0, 1, 0, 0, 22.22%, 0, 0, 1, 110.24, 648215, 2, 0, 0
1273, 2163, 0, 1, 0, 0, 22.22%, 0, 0, 1, 136.33, 648960, 2, 0, 0
1278, 2165, 0, 1, 0, 0, 22.22%, 0, 0, 1, 138.98, 649734, 2, 0, 0
1283, 2167, 0, 1, 0, 0, 22.22%, 0, 0, 1, 72.59, 650149, 2, 0, 0
1288, 2168, 0, 1, 0, 0, 22.22%, 0, 0, 1, 57.46, 650637, 2, 0, 0
1292, 2170, 0, 1, 0, 0, 22.22%, 0, 0, 1, 465.23, 651107, 2, 0, 0
