# relative_time, cycles_done, cur_item, corpus_count, pending_total, pending_favs, map_size, saved_crashes, saved_hangs, max_depth, execs_per_sec, total_execs, edges_found, total_crashes, servers_count
61, 783, 0, 1, 0, 0, 22.22%, 0, 0, 1, 4024.75, 234994, 2, 0, 0
66, 855, 0, 1, 0, 0, 22.22%, 0, 0, 1, 4222.98, 256713, 2, 0, 0
71, 923, 0, 1, 0, 0, 22.22%, 0, 0, 1, 4170.02, 276996, 2, 0, 0
76, 997, 0, 1, 0, 0, 22.22%, 0, 0, 1, 4256.47, 299300, 2, 0, 0
82, 1069, 0, 1, 0, 0, 22.22%, 0, 0, 1, 4248.49, 320998, 2, 0, 0
87, 1143, 0, 1, 0, 0, 22.22%, 0, 0, 1, 4336.26, 343100, 2, 0, 0
92, 1216, 0, 1, 0, 0, 22.22%, 0, 0, 1, 4336.02, 365100, 2, 0, 0
97, 1293, 0, 1, 0, 0, 22.22%, 0, 0, 1, 4517.20, 388004, 2, 0, 0
102, 1362, 0, 1, 0, 0, 22.22%, 0, 0, 1, 4076.34, 408794, 2, 0, 0
107, 1433, 0, 1, 0, 0, 22.22%, 0, 0, 1, 4136.10, 429996, 2, 0, 0
112, 1499, 0, 1, 0, 0, 22.22%, 0, 0, 1, 4009.43, 449994, 2, 0, 0
117, 1569, 0, 1, 0, 0, 22.22%, 0, 0, 1, 4098.94, 470797, 2, 0, 0
122, 1639, 0, 1, 0, 0, 22.22%, 0, 0, 1, 4031.63, 491793, 2, 0, 0
127, 1723, 0, 1, 0, 0, 22.22%, 0, 0, 1, 4832.54, 517210, 2, 0, 0
132, 1808, 0, 1, 0, 0, 22.22%, 0, 0, 1, 5048.19, 542613, 2, 0, 0
138, 1893, 0, 1, 0, 0, 22.22%, 0, 0, 1, 5039.22, 568113, 2, 0, 0
143, 1975, 0, 1, 0, 0, 22.22%, 0, 0, 1, 4929.98, 592612, 2, 0, 0
148, 2061, 0, 1, 0, 0, 22.22%, 0, 0, 1, 5087.49, 618413, 2, 0, 0
153, 2146, 0, 1, 0, 0, 22.22%, 0, 0, 1, 5090.13, 644113, 2, 0, 0
158, 2232, 0, 1, 0, 0, 22.22%, 0, 0, 1, 5037.73, 669714, 2, 0, 0
163, 2317, 0, 1, 0, 0, 22.22%, 0, 0, 1, 4949.79, 695213, 2, 0, 0
168, 2400, 0, 1, 0, 0, 22.22%, 0, 0, 1, 5020.38, 720314, 2, 0, 0
173, 2485, 0, 1, 0, 0, 22.22%, 0, 0, 1, 5014.99, 745714, 2, 0, 0
178, 2562, 0, 1, 0, 0, 22.22%, 0, 0, 1, 4631.43, 768707, 2, 0, 0
183, 2632, 0, 1, 0, 0, 22.22%, 0, 0, 1, 4108.93, 789698, 2, 0, 0
188, 2680, 0, 1, 0, 0, 22.22%, 0, 0, 1, 3016.00, 804314, 2, 0, 0
193, 2721, 0, 1, 0, 0, 22.22%, 0, 0, 1, 2539.84, 816514, 2, 0, 0
198, 2756, 0, 1, 0, 0, 22.22%, 0, 0, 1, 2230.38, 827003, 2, 0, 0
203, 2799, 0, 1, 0, 0, 22.22%, 0, 0, 1, 2492.37, 839815, 2, 0, 0
208, 2849, 0, 1, 0, 0, 22.22%, 0, 0, 1, 2739.26, 854815, 2, 0, 0
213, 2886, 0, 1, 0, 0, 22.22%, 0, 0, 1, 2408.03, 866012, 2, 0, 0
219, 2923, 0, 1, 0, 0, 22.22%, 0, 0, 1, 2304.45, 877206, 2, 0, 0
224, 2963, 0, 1, 0, 0, 22.22%, 0, 0, 1, 2389.13, 889212, 2, 0, 0
229, 3002, 0, 1, 0, 0, 22.22%, 0, 0, 1, 2252.72, 900660, 2, 0, 0
234, 3040, 0, 1, 0, 0, 22.22%, 0, 0, 1, 2295.43, 912304, 2, 0, 0
239, 3080, 0, 1, 0, 0, 22.22%, 0, 0, 1, 2230.07, 924204, 2, 0, 0
244, 3131, 0, 1, 0, 0, 22.22%, 0, 0, 1, 2969.69, 939375, 2, 0, 0
249, 3180, 0, 1, 0, 0, 22.22%, 0, 0, 1, 2875.14, 954073, 2, 0, 0
254, 3223, 0, 1, 0, 0, 22.22%, 0, 0, 1, 2497.18, 967015, 2, 0, 0
259, 3274, 0, 1, 0, 0, 22.22%, 0, 0, 1, 2721.69, 982415, 2, 0, 0
264, 3319, 0, 1, 0, 0, 22.22%, 0, 0, 1, 2568.83, 995767, 2, 0, 0
270, 3362, 0, 1, 0, 0, 22.22%, 0, 0, 1, 2503.57, 1008665, 2, 0, 0
275, 3403, 0, 1, 0, 0, 22.22%, 0, 0, 1, 2433.59, 1020966, 2, 0, 0
280, 3445, 0, 1, 0, 0, 22.22%, 0, 0, 1, 2513.75, 1033565, 2, 0, 0
285, 3485, 0, 1, 0, 0, 22.22%, 0, 0, 1, 2444.23, 1045812, 2, 0, 0
290, 3529, 0, 1, 0, 0, 22.22%, 0, 0, 1, 2704.02, 1058915, 2, 0, 0
295, 3567, 0, 1, 0, 0, 22.22%, 0, 0, 1, 2341.42, 1070262, 2, 0, 0
300, 3604, 0, 1, 0, 0, 22.22%, 0, 0, 1, 2233.00, 1081461, 2, 0, 0
305, 3641, 0, 1, 0, 0, 22.22%, 0, 0, 1, 2203.62, 1092604, 2, 0, 0
310, 3680, 0, 1, 0, 0, 22.22%, 0, 0, 1, 2416.77, 1104212, 2, 0, 0
315, 3731, 0, 1, 0, 0, 22.22%, 0, 0, 1, 2774.00, 1119470, 2, 0, 0
320, 3788, 0, 1, 0, 0, 22.22%, 0, 0, 1, 3239.27, 1136715, 2, 0, 0
326, 3838, 0, 1, 0, 0, 22.22%, 0, 0, 1, 2852.80, 1151615, 2, 0, 0
331, 3880, 0, 1, 0, 0, 22.22%, 0, 0, 1, 2636.49, 1164115, 2, 0, 0
336, 3922, 0, 1, 0, 0, 22.22%, 0, 0, 1, 2514.98, 1176665, 2, 0, 0
341, 3961, 0, 1, 0, 0, 22.22%, 0, 0, 1, 2313.40, 1188562, 2, 0, 0
346, 4008, 0, 1, 0, 0, 22.22%, 0, 0, 1, 2618.48, 1202515, 2, 0, 0
351, 4051, 0, 1, 0, 0, 22.22%, 0, 0, 1, 2635.54, 1215615, 2, 0, 0
356, 4094, 0, 1, 0, 0, 22.22%, 0, 0, 1, 2601.85, 1228515, 2, 0, 0
361, 4138, 0, 1, 0, 0, 22.22%, 0, 0, 1, 2658.40, 1241715, 2, 0, 0
366, 4179, 0, 1, 0, 0, 22.22%, 0, 0, 1, 2534.85, 1253815, 2, 0, 0
371, 4220, 0, 1, 0, 0, 22.22%, 0, 0, 1, 2478.41, 1266166, 2, 0, 0
376, 4264, 0, 1, 0, 0, 22.22%, 0, 0, 1, 2682.56, 1279515, 2, 0, 0
381, 4304, 0, 1, 0, 0, 22.22%, 0, 0, 1, 2476.72, 1291512, 2, 0, 0
386, 4346, 0, 1, 0, 0, 22.22%, 0, 0, 1, 2430.78, 1303864, 2, 0, 0
392, 4386, 0, 1, 0, 0, 22.22%, 0, 0, 1, 2399.73, 1316010, 2, 0, 0
397, 4443, 0, 1, 0, 0, 22.22%, 0, 0, 1, 3248.21, 1333080, 2, 0, 0
402, 4483, 0, 1, 0, 0, 22.22%, 0, 0, 1, 2606.18, 1345168, 2, 0, 0
407, 4519, 0, 1, 0, 0, 22.22%, 0, 0, 1, 2244.72, 1355915, 2, 0, 0
412, 4554, 0, 1, 0, 0, 22.22%, 0, 0, 1, 2066.23, 1366498, 2, 0, 0
417, 4588, 0, 1, 0, 0, 22.22%, 0, 0, 1, 2006.39, 1376594, 2, 0, 0
422, 4624, 0, 1, 0, 0, 22.22%, 0, 0, 1, 2008.16, 1387296, 2, 0, 0
427, 4661, 0, 1, 0, 0, 22.22%, 0, 0, 1, 2208.42, 1398504, 2, 0, 0
432, 4702, 0, 1, 0, 0, 22.22%, 0, 0, 1, 2405.22, 1410763, 2, 0, 0
438, 4745, 0, 1, 0, 0, 22.22%, 0, 0, 1, 2476.70, 1423664, 2, 0, 0
443, 4788, 0, 1, 0, 0, 22.22%, 0, 0, 1, 2504.09, 1436566, 2, 0, 0
448, 4838, 0, 1, 0, 0, 22.22%, 0, 0, 1, 2971.17, 1451574, 2, 0, 0
453, 4891, 0, 1, 0, 0, 22.22%, 0, 0, 1, 2892.26, 1467415, 2, 0, 0
458, 4947, 0, 1, 0, 0, 22.22%, 0, 0, 1, 3172.46, 1484279, 2, 0, 0
463, 4991, 0, 1, 0, 0, 22.22%, 0, 0, 1, 2788.92, 1497415, 2, 0, 0
468, 5059, 0, 1, 0, 0, 22.22%, 0, 0, 1, 3868.28, 1517892, 2, 0, 0
473, 5139, 0, 1, 0, 0, 22.22%, 0, 0, 1, 4590.83, 1542006, 2, 0, 0
478, 5221, 0, 1, 0, 0, 22.22%, 0, 0, 1, 4890.12, 1566613, 2, 0, 0
483, 5309, 0, 1, 0, 0, 22.22%, 0, 0, 1, 5059.54, 1592815, 2, 0, 0
488, 5391, 0, 1, 0, 0, 22.22%, 0, 0, 1, 5015.06, 1617615, 2, 0, 0
493, 5472, 0, 1, 0, 0, 22.22%, 0, 0, 1, 4869.52, 1641713, 2, 0, 0
498, 5553, 0, 1, 0, 0, 22.22%, 0, 0, 1, 4882.53, 1666013, 2, 0, 0
503, 5634, 0, 1, 0, 0, 22.22%, 0, 0, 1, 4864.03, 1690512, 2, 0, 0
508, 5714, 0, 1, 0, 0, 22.22%, 0, 0, 1, 4715.99, 1714415, 2, 0, 0
513, 5799, 0, 1, 0, 0, 22.22%, 0, 0, 1, 4936.74, 1739814, 2, 0, 0
518, 5877, 0, 1, 0, 0, 22.22%, 0, 0, 1, 4660.91, 1763310, 2, 0, 0
523, 5956, 0, 1, 0, 0, 22.22%, 0, 0, 1, 4752.03, 1787010, 2, 0, 0
529, 6026, 0, 1, 0, 0, 22.22%, 0, 0, 1, 4333.46, 1808115, 2, 0, 0
534, 6092, 0, 1, 0, 0, 22.22%, 0, 0, 1, 3710.57, 1827691, 2, 0, 0
539, 6155, 0, 1, 0, 0, 22.22%, 0, 0, 1, 3704.07, 1846692, 2, 0, 0
544, 6203, 0, 1, 0, 0, 22.22%, 0, 0, 1, 3071.05, 1861177, 2, 0, 0
549, 6252, 0, 1, 0, 0, 22.22%, 0, 0, 1, 3110.04, 1875777, 2, 0, 0
554, 6308, 0, 1, 0, 0, 22.22%, 0, 0, 1, 3181.85, 1892615, 2, 0, 0
559, 6363, 0, 1, 0, 0, 22.22%, 0, 0, 1, 3179.86, 1909215, 2, 0, 0
564, 6405, 0, 1, 0, 0, 22.22%, 0, 0, 1, 2479.58, 1921814, 2, 0, 0
569, 6451, 0, 1, 0, 0, 22.22%, 0, 0, 1, 2618.37, 1935467, 2, 0, 0
574, 6490, 0, 1, 0, 0, 22.22%, 0, 0, 1, 2434.34, 1947214, 2, 0, 0
579, 6527, 0, 1, 0, 0, 22.22%, 0, 0, 1, 2205.80, 1958260, 2, 0, 0
584, 6562, 0, 1, 0, 0, 22.22%, 0, 0, 1, 2107.24, 1968900, 2, 0, 0
589, 6595, 0, 1, 0, 0, 22.22%, 0, 0, 1, 2012.68, 1978755, 2, 0, 0
594, 6630, 0, 1, 0, 0, 22.22%, 0, 0, 1, 2060.64, 1989196, 2, 0, 0
600, 6664, 0, 1, 0, 0, 22.22%, 0, 0, 1, 2043.18, 1999515, 2, 0, 0
605, 6718, 0, 1, 0, 0, 22.22%, 0, 0, 1, 3014.24, 2015615, 2, 0, 0
610, 6763, 0, 1, 0, 0, 22.22%, 0, 0, 1, 2788.37, 2029215, 2, 0, 0
615, 6811, 0, 1, 0, 0, 22.22%, 0, 0, 1, 2773.41, 2043472, 2, 0, 0
620, 6855, 0, 1, 0, 0, 22.22%, 0, 0, 1, 2596.34, 2056815, 2, 0, 0
625, 6909, 0, 1, 0, 0, 22.22%, 0, 0, 1, 3047.26, 2073015, 2, 0, 0
630, 6957, 0, 1, 0, 0, 22.22%, 0, 0, 1, 2837.22, 2087373, 2, 0, 0
636, 7006, 0, 1, 0, 0, 22.22%, 0, 0, 1, 2835.73, 2102115, 2, 0, 0
641, 7054, 0, 1, 0, 0, 22.22%, 0, 0, 1, 2757.26, 2116315, 2, 0, 0
646, 7096, 0, 1, 0, 0, 22.22%, 0, 0, 1, 2470.73, 2129114, 2, 0, 0
651, 7133, 0, 1, 0, 0, 22.22%, 0, 0, 1, 2301.35, 2140215, 2, 0, 0
656, 7171, 0, 1, 0, 0, 22.22%, 0, 0, 1, 2334.25, 2151606, 2, 0, 0
661, 7212, 0, 1, 0, 0, 22.22%, 0, 0, 1, 2447.10, 2163763, 2, 0, 0
666, 7259, 0, 1, 0, 0, 22.22%, 0, 0, 1, 2523.07, 2177915, 2, 0, 0
671, 7280, 0, 1, 0, 0, 22.22%, 0, 0, 1, 1446.68, 2184174, 2, 0, 0
676, 7300, 0, 1, 0, 0, 22.22%, 0, 0, 1, 1247.30, 2190266, 2, 0, 0
681, 7317, 0, 1, 0, 0, 22.22%, 0, 0, 1, 953.07, 2195406, 2, 0, 0
686, 7351, 0, 1, 0, 0, 22.22%, 0, 0, 1, 1971.89, 2205592, 2, 0, 0
692, 7402, 0, 1, 0, 0, 22.22%, 0, 0, 1, 2773.24, 2220715, 2, 0, 0
697, 7443, 0, 1, 0, 0, 22.22%, 0, 0, 1, 2547.04, 2233015, 2, 0, 0
702, 7516, 0, 1, 0, 0, 22.22%, 0, 0, 1, 4110.02, 2255097, 2, 0, 0
707, 7593, 0, 1, 0, 0, 22.22%, 0, 0, 1, 4404.84, 2278006, 2, 0, 0
712, 7669, 0, 1, 0, 0, 22.22%, 0, 0, 1, 4539.24, 2301006, 2, 0, 0
717, 7748, 0, 1, 0, 0, 22.22%, 0, 0, 1, 4713.22, 2324610, 2, 0, 0
722, 7831, 0, 1, 0, 0, 22.22%, 0, 0, 1, 4763.17, 2349411, 2, 0, 0
727, 7907, 0, 1, 0, 0, 22.22%, 0, 0, 1, 4602.30, 2372207, 2, 0, 0
732, 7984, 0, 1, 0, 0, 22.22%, 0, 0, 1, 4548.41, 2395406, 2, 0, 0
737, 8062, 0, 1, 0, 0, 22.22%, 0, 0, 1, 4587.37, 2418707, 2, 0, 0
742, 8139, 0, 1, 0, 0, 22.22%, 0, 0, 1, 4550.85, 2442007, 2, 0, 0
747, 8215, 0, 1, 0, 0, 22.22%, 0, 0, 1, 4595.00, 2464708, 2, 0, 0
752, 8291, 0, 1, 0, 0, 22.22%, 0, 0, 1, 4542.36, 2487406, 2, 0, 0
757, 8369, 0, 1, 0, 0, 22.22%, 0, 0, 1, 4509.67, 2511007, 2, 0, 0
762, 8440, 0, 1, 0, 0, 22.22%, 0, 0, 1, 4187.02, 2532102, 2, 0, 0
767, 8483, 0, 1, 0, 0, 22.22%, 0, 0, 1, 2988.63, 2545115, 2, 0, 0
772, 8529, 0, 1, 0, 0, 22.22%, 0, 0, 1, 2659.56, 2558870, 2, 0, 0
778, 8578, 0, 1, 0, 0, 22.22%, 0, 0, 1, 2863.88, 2573674, 2, 0, 0
783, 8636, 0, 1, 0, 0, 22.22%, 0, 0, 1, 3660.62, 2591015, 2, 0, 0
788, 8717, 0, 1, 0, 0, 22.22%, 0, 0, 1, 4524.20, 2615405, 2, 0, 0
793, 8795, 0, 1, 0, 0, 22.22%, 0, 0, 1, 4531.66, 2638807, 2, 0, 0
798, 8865, 0, 1, 0, 0, 22.22%, 0, 0, 1, 4128.14, 2659698, 2, 0, 0
803, 8937, 0, 1, 0, 0, 22.22%, 0, 0, 1, 4173.07, 2681199, 2, 0, 0
808, 9009, 0, 1, 0, 0, 22.22%, 0, 0, 1, 4238.48, 2703000, 2, 0, 0
814, 9081, 0, 1, 0, 0, 22.22%, 0, 0, 1, 4127.50, 2724598, 2, 0, 0
819, 9148, 0, 1, 0, 0, 22.22%, 0, 0, 1, 3967.68, 2744695, 2, 0, 0
824, 9212, 0, 1, 0, 0, 22.22%, 0, 0, 1, 3632.52, 2763790, 2, 0, 0
829, 9255, 0, 1, 0, 0, 22.22%, 0, 0, 1, 2865.50, 2776573, 2, 0, 0
834, 9303, 0, 1, 0, 0, 22.22%, 0, 0, 1, 2849.75, 2790972, 2, 0, 0
839, 9356, 0, 1, 0, 0, 22.22%, 0, 0, 1, 3137.71, 2807115, 2, 0, 0
844, 9408, 0, 1, 0, 0, 22.22%, 0, 0, 1, 3088.01, 2822715, 2, 0, 0
849, 9458, 0, 1, 0, 0, 22.22%, 0, 0, 1, 2942.85, 2837715, 2, 0, 0
854, 9513, 0, 1, 0, 0, 22.22%, 0, 0, 1, 3043.10, 2854015, 2, 0, 0
859, 9567, 0, 1, 0, 0, 22.22%, 0, 0, 1, 3128.24, 2870278, 2, 0, 0
864, 9618, 0, 1, 0, 0, 22.22%, 0, 0, 1, 3069.06, 2885615, 2, 0, 0
869, 9670, 0, 1, 0, 0, 22.22%, 0, 0, 1, 3082.52, 2901078, 2, 0, 0
875, 9725, 0, 1, 0, 0, 22.22%, 0, 0, 1, 3222.01, 2917780, 2, 0, 0
880, 9773, 0, 1, 0, 0, 22.22%, 0, 0, 1, 2826.96, 2932073, 2, 0, 0
885, 9813, 0, 1, 0, 0, 22.22%, 0, 0, 1, 2444.26, 2944214, 2, 0, 0
890, 9864, 0, 1, 0, 0, 22.22%, 0, 0, 1, 2924.76, 2959315, 2, 0, 0
895, 9912, 0, 1, 0, 0, 22.22%, 0, 0, 1, 2761.50, 2973915, 2, 0, 0
900, 9958, 0, 1, 0, 0, 22.22%, 0, 0, 1, 2811.91, 2987571, 2, 0, 0
905, 10010, 0, 1, 0, 0, 22.22%, 0, 0, 1, 2984.60, 3003174, 2, 0, 0
910, 10063, 0, 1, 0, 0, 22.22%, 0, 0, 1, 3112.22, 3019177, 2, 0, 0
915, 10105, 0, 1, 0, 0, 22.22%, 0, 0, 1, 2511.67, 3031666, 2, 0, 0
920, 10136, 0, 1, 0, 0, 22.22%, 0, 0, 1, 1763.73, 3040988, 2, 0, 0
925, 10155, 0, 1, 0, 0, 22.22%, 0, 0, 1, 1273.81, 3046715, 2, 0, 0
930, 10180, 0, 1, 0, 0, 22.22%, 0, 0, 1, 1403.43, 3054097, 2, 0, 0
936, 10209, 0, 1, 0, 0, 22.22%, 0, 0, 1, 1545.52, 3062778, 2, 0, 0
941, 10239, 0, 1, 0, 0, 22.22%, 0, 0, 1, 1705.47, 3071784, 2, 0, 0
946, 10268, 0, 1, 0, 0, 22.22%, 0, 0, 1, 1785.25, 3080515, 2, 0, 0
951, 10297, 0, 1, 0, 0, 22.22%, 0, 0, 1, 1671.26, 3089382, 2, 0, 0
956, 10320, 0, 1, 0, 0, 22.22%, 0, 0, 1, 1471.86, 3096172, 2, 0, 0
961, 10339, 0, 1, 0, 0, 22.22%, 0, 0, 1, 1211.17, 3101864, 2, 0, 0
966, 10358, 0, 1, 0, 0, 22.22%, 0, 0, 1, 1129.65, 3107504, 2, 0, 0
971, 10388, 0, 1, 0, 0, 22.22%, 0, 0, 1, 1861.72, 3116451, 2, 0, 0
976, 10419, 0, 1, 0, 0, 22.22%, 0, 0, 1, 1732.60, 3125952, 2, 0, 0
981, 10454, 0, 1, 0, 0, 22.22%, 0, 0, 1, 2159.11, 3136358, 2, 0, 0
986, 10491, 0, 1, 0, 0, 22.22%, 0, 0, 1, 2099.25, 3147400, 2, 0, 0
991, 10513, 0, 1, 0, 0, 22.22%, 0, 0, 1, 1558.54, 3154147, 2, 0, 0
996, 10539, 0, 1, 0, 0, 22.22%, 0, 0, 1, 1566.32, 3161878, 2, 0, 0
1001, 10567, 0, 1, 0, 0, 22.22%, 0, 0, 1, 1623.85, 3170312, 2, 0, 0
1006, 10593, 0, 1, 0, 0, 22.22%, 0, 0, 1, 1566.08, 3178009, 2, 0, 0
1012, 10623, 0, 1, 0, 0, 22.22%, 0, 0, 1, 1633.31, 3187082, 2, 0, 0
1017, 10647, 0, 1, 0, 0, 22.22%, 0, 0, 1, 1571.93, 3194247, 2, 0, 0
1022, 10673, 0, 1, 0, 0, 22.22%, 0, 0, 1, 1566.38, 3201946, 2, 0, 0
1027, 10693, 0, 1, 0, 0, 22.22%, 0, 0, 1, 1208.11, 3208015, 2, 0, 0
1032, 10713, 0, 1, 0, 0, 22.22%, 0, 0, 1, 1154.97, 3214160, 2, 0, 0
1037, 10735, 0, 1, 0, 0, 22.22%, 0, 0, 1, 1189.81, 3220715, 2, 0, 0
1042, 10760, 0, 1, 0, 0, 22.22%, 0, 0, 1, 1366.01, 3228072, 2, 0, 0
1047, 10781, 0, 1, 0, 0, 22.22%, 0, 0, 1, 1296.91, 3234341, 2, 0, 0
1052, 10811, 0, 1, 0, 0, 22.22%, 0, 0, 1, 1674.05, 3243449, 2, 0, 0
1057, 10847, 0, 1, 0, 0, 22.22%, 0, 0, 1, 2089.56, 3254300, 2, 0, 0
1062, 10879, 0, 1, 0, 0, 22.22%, 0, 0, 1, 1823.98, 3263752, 2, 0, 0
1067, 10904, 0, 1, 0, 0, 22.22%, 0, 0, 1, 1598.38, 3271412, 2, 0, 0
1072, 10922, 0, 1, 0, 0, 22.22%, 0, 0, 1, 1262.16, 3276664, 2, 0, 0
1078, 10951, 0, 1, 0, 0, 22.22%, 0, 0, 1, 1635.15, 3285348, 2, 0, 0
1083, 10981, 0, 1, 0, 0, 22.22%, 0, 0, 1, 1941.87, 3294415, 2, 0, 0
1088, 11017, 0, 1, 0, 0, 22.22%, 0, 0, 1, 2190.21, 3305360, 2, 0, 0
1093, 11059, 0, 1, 0, 0, 22.22%, 0, 0, 1, 2584.79, 3317767, 2, 0, 0
1098, 11118, 0, 1, 0, 0, 22.22%, 0, 0, 1, 3230.33, 3335515, 2, 0, 0
1103, 11174, 0, 1, 0, 0, 22.22%, 0, 0, 1, 3317.24, 3352482, 2, 0, 0
1108, 11222, 0, 1, 0, 0, 22.22%, 0, 0, 1, 2927.03, 3366774, 2, 0, 0
1113, 11276, 0, 1, 0, 0, 22.22%, 0, 0, 1, 3081.05, 3383015, 2, 0, 0
1118, 11333, 0, 1, 0, 0, 22.22%, 0, 0, 1, 3301.84, 3400081, 2, 0, 0
1123, 11384, 0, 1, 0, 0, 22.22%, 0, 0, 1, 3030.52, 3415275, 2, 0, 0
1129, 11442, 0, 1, 0, 0, 22.22%, 0, 0, 1, 3404.70, 3432884, 2, 0, 0
1134, 11494, 0, 1, 0, 0, 22.22%, 0, 0, 1, 3120.31, 3448478, 2, 0, 0
1139, 11548, 0, 1, 0, 0, 22.22%, 0, 0, 1, 2962.35, 3464575, 2, 0, 0
1144, 11602, 0, 1, 0, 0, 22.22%, 0, 0, 1, 3206.41, 3480815, 2, 0, 0
1149, 11635, 0, 1, 0, 0, 22.22%, 0, 0, 1, 1929.67, 3490815, 2, 0, 0
1155, 11653, 0, 1, 0, 0, 22.22%, 0, 0, 1, 482.30, 3496212, 2, 0, 0
1160, 11677, 0, 1, 0, 0, 22.22%, 0, 0, 1, 1208.13, 3503160, 2, 0, 0
1165, 11713, 0, 1, 0, 0, 22.22%, 0, 0, 1, 1808.93, 3513952, 2, 0, 0
1170, 11746, 0, 1, 0, 0, 22.22%, 0, 0, 1, 1948.89, 3524115, 2, 0, 0
1175, 11783, 0, 1, 0, 0, 22.22%, 0, 0, 1, 2233.31, 3535160, 2, 0, 0
1180, 11820, 0, 1, 0, 0, 22.22%, 0, 0, 1, 2228.33, 3546215, 2, 0, 0
1185, 11861, 0, 1, 0, 0, 22.22%, 0, 0, 1, 2318.38, 3558408, 2, 0, 0
1190, 11902, 0, 1, 0, 0, 22.22%, 0, 0, 1, 2514.56, 3570914, 2, 0, 0
1195, 11955, 0, 1, 0, 0, 22.22%, 0, 0, 1, 2992.99, 3586615, 2, 0, 0
1200, 11996, 0, 1, 0, 0, 22.22%, 0, 0, 1, 2284.30, 3598963, 2, 0, 0
1205, 12053, 0, 1, 0, 0, 22.22%, 0, 0, 1, 3332.94, 3615981, 2, 0, 0
1210, 12110, 0, 1, 0, 0, 22.22%, 0, 0, 1, 3265.89, 3633282, 2, 0, 0
1215, 12158, 0, 1, 0, 0, 22.22%, 0, 0, 1, 3046.17, 3647515, 2, 0, 0
1220, 12204, 0, 1, 0, 0, 22.22%, 0, 0, 1, 2896.79, 3661473, 2, 0, 0
1225, 12258, 0, 1, 0, 0, 22.22%, 0, 0, 1, 3012.62, 3677416, 2, 0, 0
1231, 12301, 0, 1, 0, 0, 22.22%, 0, 0, 1, 2527.66, 3690567, 2, 0, 0
1236, 12331, 0, 1, 0, 0, 22.22%, 0, 0, 1, 1884.69, 3699515, 2, 0, 0
1241, 12365, 0, 1, 0, 0, 22.22%, 0, 0, 1, 1986.17, 3709656, 2, 0, 0
1246, 12398, 0, 1, 0, 0, 22.22%, 0, 0, 1, 2032.26, 3719656, 2, 0, 0
1251, 12438, 0, 1, 0, 0, 22.22%, 0, 0, 1, 2503.95, 3731510, 2, 0, 0
1256, 12491, 0, 1, 0, 0, 22.22%, 0, 0, 1, 3001.45, 3747415, 2, 0, 0
1261, 12541, 0, 1, 0, 0, 22.22%, 0, 0, 1, 2995.85, 3762575, 2, 0, 0
1266, 12582, 0, 1, 0, 0, 22.22%, 0, 0, 1, 2449.09, 3774814, 2, 0, 0
1271, 12633, 0, 1, 0, 0, 22.22%, 0, 0, 1, 3159.98, 3790115, 2, 0, 0
1276, 12692, 0, 1, 0, 0, 22.22%, 0, 0, 1, 3178.40, 3807716, 2, 0, 0
1282, 12750, 0, 1, 0, 0, 22.22%, 0, 0, 1, 3331.86, 3825282, 2, 0, 0
1287, 12796, 0, 1, 0, 0, 22.22%, 0, 0, 1, 2706.69, 3839115, 2, 0, 0
1292, 12828, 0, 1, 0, 0, 22.22%, 0, 0, 1, 2084.18, 3848557, 2, 0, 0
1297, 12857, 0, 1, 0, 0, 22.22%, 0, 0, 1, 1731.91, 3857250, 2, 0, 0
1302, 12888, 0, 1, 0, 0, 22.22%, 0, 0, 1, 1861.79, 3866515, 2, 0, 0
1307, 12921, 0, 1, 0, 0, 22.22%, 0, 0, 1, 1965.13, 3876415, 2, 0, 0
1312, 12954, 0, 1, 0, 0, 22.22%, 0, 0, 1, 1927.22, 3886355, 2, 0, 0
1317, 12985, 0, 1, 0, 0, 22.22%, 0, 0, 1, 1972.92, 3895755, 2, 0, 0
1322, 13025, 0, 1, 0, 0, 22.22%, 0, 0, 1, 2202.05, 3907715, 2, 0, 0
1327, 13066, 0, 1, 0, 0, 22.22%, 0, 0, 1, 2396.40, 3920063, 2, 0, 0
1332, 13110, 0, 1, 0, 0, 22.22%, 0, 0, 1, 2588.93, 3933215, 2, 0, 0
1337, 13151, 0, 1, 0, 0, 22.22%, 0, 0, 1, 2545.36, 3945366, 2, 0, 0
1342, 13190, 0, 1, 0, 0, 22.22%, 0, 0, 1, 2423.21, 3957264, 2, 0, 0
1347, 13239, 0, 1, 0, 0, 22.22%, 0, 0, 1, 2725.83, 3971815, 2, 0, 0
1352, 13281, 0, 1, 0, 0, 22.22%, 0, 0, 1, 2549.55, 3984415, 2, 0, 0
1357, 13319, 0, 1, 0, 0, 22.22%, 0, 0, 1, 2305.65, 3995761, 2, 0, 0
1363, 13361, 0, 1, 0, 0, 22.22%, 0, 0, 1, 2534.99, 4008614, 2, 0, 0
1368, 13423, 0, 1, 0, 0, 22.22%, 0, 0, 1, 3275.00, 4027081, 2, 0, 0
1373, 13484, 0, 1, 0, 0, 22.22%, 0, 0, 1, 3486.53, 4045386, 2, 0, 0
1378, 13551, 0, 1, 0, 0, 22.22%, 0, 0, 1, 3826.27, 4065593, 2, 0, 0
1383, 13598, 0, 1, 0, 0, 22.22%, 0, 0, 1, 3052.03, 4079715, 2, 0, 0
1388, 13661, 0, 1, 0, 0, 22.22%, 0, 0, 1, 3585.13, 4098587, 2, 0, 0
1393, 13725, 0, 1, 0, 0, 22.22%, 0, 0, 1, 3800.02, 4117792, 2, 0, 0
1398, 13786, 0, 1, 0, 0, 22.22%, 0, 0, 1, 3688.12, 4136115, 2, 0, 0
1404, 13852, 0, 1, 0, 0, 22.22%, 0, 0, 1, 3763.21, 4155915, 2, 0, 0
1409, 13918, 0, 1, 0, 0, 22.22%, 0, 0, 1, 3836.70, 4175692, 2, 0, 0
1414, 13971, 0, 1, 0, 0, 22.22%, 0, 0, 1, 3280.78, 4191380, 2, 0, 0
1419, 14033, 0, 1, 0, 0, 22.22%, 0, 0, 1, 3396.35, 4210083, 2, 0, 0
1424, 14092, 0, 1, 0, 0, 22.22%, 0, 0, 1, 3394.36, 4227884, 2, 0, 0
1429, 14143, 0, 1, 0, 0, 22.22%, 0, 0, 1, 3061.53, 4242977, 2, 0, 0
1434, 14191, 0, 1, 0, 0, 22.22%, 0, 0, 1, 2894.83, 4257415, 2, 0, 0
1439, 14240, 0, 1, 0, 0, 22.22%, 0, 0, 1, 2842.76, 4272072, 2, 0, 0
1444, 14282, 0, 1, 0, 0, 22.22%, 0, 0, 1, 2684.16, 4284815, 2, 0, 0
1449, 14324, 0, 1, 0, 0, 22.22%, 0, 0, 1, 2464.04, 4297265, 2, 0, 0
1455, 14366, 0, 1, 0, 0, 22.22%, 0, 0, 1, 2489.80, 4309865, 2, 0, 0
1460, 14415, 0, 1, 0, 0, 22.22%, 0, 0, 1, 2893.01, 4324715, 2, 0, 0
1465, 14463, 0, 1, 0, 0, 22.22%, 0, 0, 1, 2848.84, 4339073, 2, 0, 0
1470, 14522, 0, 1, 0, 0, 22.22%, 0, 0, 1, 3406.77, 4356715, 2, 0, 0
1475, 14585, 0, 1, 0, 0, 22.22%, 0, 0, 1, 3639.91, 4375615, 2, 0, 0
1480, 14644, 0, 1, 0, 0, 22.22%, 0, 0, 1, 3500.82, 4393486, 2, 0, 0
1485, 14692, 0, 1, 0, 0, 22.22%, 0, 0, 1, 2883.15, 4407815, 2, 0, 0
1490, 14726, 0, 1, 0, 0, 22.22%, 0, 0, 1, 2120.12, 4418059, 2, 0, 0
1495, 14761, 0, 1, 0, 0, 22.22%, 0, 0, 1, 2124.25, 4428515, 2, 0, 0
1500, 14791, 0, 1, 0, 0, 22.22%, 0, 0, 1, 1767.18, 4437352, 2, 0, 0
1505, 14828, 0, 1, 0, 0, 22.22%, 0, 0, 1, 2258.71, 4448660, 2, 0, 0
1510, 14873, 0, 1, 0, 0, 22.22%, 0, 0, 1, 2608.39, 4462065, 2, 0, 0
1515, 14938, 0, 1, 0, 0, 22.22%, 0, 0, 1, 3700.72, 4481715, 2, 0, 0
1521, 15009, 0, 1, 0, 0, 22.22%, 0, 0, 1, 3999.81, 4502896, 2, 0, 0
1526, 15073, 0, 1, 0, 0, 22.22%, 0, 0, 1, 3947.90, 4522094, 2, 0, 0
1531, 15141, 0, 1, 0, 0, 22.22%, 0, 0, 1, 3955.23, 4542394, 2, 0, 0
1536, 15199, 0, 1, 0, 0, 22.22%, 0, 0, 1, 3617.65, 4559815, 2, 0, 0
1541, 15258, 0, 1, 0, 0, 22.22%, 0, 0, 1, 3589.50, 4577586, 2, 0, 0
1546, 15315, 0, 1, 0, 0, 22.22%, 0, 0, 1, 3319.20, 4594815, 2, 0, 0
1551, 15372, 0, 1, 0, 0, 22.22%, 0, 0, 1, 3532.45, 4611886, 2, 0, 0
1556, 15443, 0, 1, 0, 0, 22.22%, 0, 0, 1, 3943.42, 4633115, 2, 0, 0
1561, 15503, 0, 1, 0, 0, 22.22%, 0, 0, 1, 3639.10, 4651188, 2, 0, 0
1566, 15539, 0, 1, 0, 0, 22.22%, 0, 0, 1, 2426.10, 4661864, 2, 0, 0
1572, 15574, 0, 1, 0, 0, 22.22%, 0, 0, 1, 2066.63, 4672458, 2, 0, 0
1577, 15608, 0, 1, 0, 0, 22.22%, 0, 0, 1, 2031.12, 4682596, 2, 0, 0
1582, 15642, 0, 1, 0, 0, 22.22%, 0, 0, 1, 2061.99, 4692856, 2, 0, 0
1587, 15673, 0, 1, 0, 0, 22.22%, 0, 0, 1, 1833.77, 4702088, 2, 0, 0
1592, 15713, 0, 1, 0, 0, 22.22%, 0, 0, 1, 2374.98, 4714062, 2, 0, 0
1597, 15762, 0, 1, 0, 0, 22.22%, 0, 0, 1, 2748.52, 4728815, 2, 0, 0
1602, 15815, 0, 1, 0, 0, 22.22%, 0, 0, 1, 2765.72, 4744773, 2, 0, 0
1607, 15855, 0, 1, 0, 0, 22.22%, 0, 0, 1, 2544.05, 4756766, 2, 0, 0
1612, 15903, 0, 1, 0, 0, 22.22%, 0, 0, 1, 2876.80, 4770972, 2, 0, 0
1618, 15969, 0, 1, 0, 0, 22.22%, 0, 0, 1, 3790.07, 4790915, 2, 0, 0
1623, 16028, 0, 1, 0, 0, 22.22%, 0, 0, 1, 3629.19, 4808515, 2, 0, 0
1628, 16078, 0, 1, 0, 0, 22.22%, 0, 0, 1, 3378.57, 4823683, 2, 0, 0
1633, 16149, 0, 1, 0, 0, 22.22%, 0, 0, 1, 3898.09, 4844794, 2, 0, 0
1638, 16206, 0, 1, 0, 0, 22.22%, 0, 0, 1, 3433.08, 4861985, 2, 0, 0
1643, 16261, 0, 1, 0, 0, 22.22%, 0, 0, 1, 3197.17, 4878515, 2, 0, 0
1648, 16310, 0, 1, 0, 0, 22.22%, 0, 0, 1, 2886.66, 4893074, 2, 0, 0
1653, 16339, 0, 1, 0, 0, 22.22%, 0, 0, 1, 2089.49, 4902000, 2, 0, 0
1658, 16387, 0, 1, 0, 0, 22.22%, 0, 0, 1, 2782.08, 4916373, 2, 0, 0
1663, 16447, 0, 1, 0, 0, 22.22%, 0, 0, 1, 3375.44, 4934383, 2, 0, 0
1668, 16512, 0, 1, 0, 0, 22.22%, 0, 0, 1, 3655.13, 4953689, 2, 0, 0
1674, 16575, 0, 1, 0, 0, 22.22%, 0, 0, 1, 3643.09, 4972789, 2, 0, 0
1679, 16623, 0, 1, 0, 0, 22.22%, 0, 0, 1, 2912.24, 4987015, 2, 0, 0
1684, 16682, 0, 1, 0, 0, 22.22%, 0, 0, 1, 3420.66, 5004815, 2, 0, 0
1689, 16722, 0, 1, 0, 0, 22.22%, 0, 0, 1, 2467.86, 5016812, 2, 0, 0
1694, 16767, 0, 1, 0, 0, 22.22%, 0, 0, 1, 2709.58, 5030415, 2, 0, 0
1699, 16812, 0, 1, 0, 0, 22.22%, 0, 0, 1, 2593.53, 5043667, 2, 0, 0
1704, 16854, 0, 1, 0, 0, 22.22%, 0, 0, 1, 2587.56, 5056367, 2, 0, 0
1709, 16901, 0, 1, 0, 0, 22.22%, 0, 0, 1, 2671.89, 5070470, 2, 0, 0
1715, 16934, 0, 1, 0, 0, 22.22%, 0, 0, 1, 2064.68, 5080298, 2, 0, 0
1720, 16975, 0, 1, 0, 0, 22.22%, 0, 0, 1, 2402.66, 5092564, 2, 0, 0
1725, 17013, 0, 1, 0, 0, 22.22%, 0, 0, 1, 2329.71, 5104206, 2, 0, 0
1730, 17057, 0, 1, 0, 0, 22.22%, 0, 0, 1, 2482.19, 5117364, 2, 0, 0
1735, 17105, 0, 1, 0, 0, 22.22%, 0, 0, 1, 2690.50, 5131668, 2, 0, 0
1740, 17145, 0, 1, 0, 0, 22.22%, 0, 0, 1, 2501.98, 5143766, 2, 0, 0
1745, 17180, 0, 1, 0, 0, 22.22%, 0, 0, 1, 2184.56, 5154216, 2, 0, 0
1750, 17221, 0, 1, 0, 0, 22.22%, 0, 0, 1, 2385.63, 5166612, 2, 0, 0
1755, 17258, 0, 1, 0, 0, 22.22%, 0, 0, 1, 2210.90, 5177561, 2, 0, 0
1760, 17291, 0, 1, 0, 0, 22.22%, 0, 0, 1, 2041.97, 5187356, 2, 0, 0
1765, 17327, 0, 1, 0, 0, 22.22%, 0, 0, 1, 2070.09, 5198215, 2, 0, 0
1770, 17364, 0, 1, 0, 0, 22.22%, 0, 0, 1, 2198.04, 5209415, 2, 0, 0
1775, 17400, 0, 1, 0, 0, 22.22%, 0, 0, 1, 2097.37, 5220057, 2, 0, 0
1780, 17435, 0, 1, 0, 0, 22.22%, 0, 0, 1, 2095.84, 5230798, 2, 0, 0
1785, 17469, 0, 1, 0, 0, 22.22%, 0, 0, 1, 1984.06, 5240956, 2, 0, 0
1791, 17506, 0, 1, 0, 0, 22.22%, 0, 0, 1, 2108.76, 5251900, 2, 0, 0
1796, 17544, 0, 1, 0, 0, 22.22%, 0, 0, 1, 2233.38, 5263360, 2, 0, 0
1801, 17580, 0, 1, 0, 0, 22.22%, 0, 0, 1, 2098.53, 5274058, 2, 0, 0
1806, 17614, 0, 1, 0, 0, 22.22%, 0, 0, 1, 2065.94, 5284398, 2, 0, 0
1811, 17648, 0, 1, 0, 0, 22.22%, 0, 0, 1, 1993.49, 5294556, 2, 0, 0
1816, 17681, 0, 1, 0, 0, 22.22%, 0, 0, 1, 1930.61, 5304415, 2, 0, 0
1821, 17711, 0, 1, 0, 0, 22.22%, 0, 0, 1, 1885.92, 5313553, 2, 0, 0
1826, 17769, 0, 1, 0, 0, 22.22%, 0, 0, 1, 3124.10, 5330778, 2, 0, 0
1831, 17822, 0, 1, 0, 0, 22.22%, 0, 0, 1, 3075.44, 5346777, 2, 0, 0
1836, 17890, 0, 1, 0, 0, 22.22%, 0, 0, 1, 3909.62, 5367215, 2, 0, 0
1841, 17962, 0, 1, 0, 0, 22.22%, 0, 0, 1, 4152.33, 5388898, 2, 0, 0
1846, 18034, 0, 1, 0, 0, 22.22%, 0, 0, 1, 4227.55, 5410300, 2, 0, 0
1851, 18100, 0, 1, 0, 0, 22.22%, 0, 0, 1, 4007.94, 5430315, 2, 0, 0
1856, 18169, 0, 1, 0, 0, 22.22%, 0, 0, 1, 4086.54, 5450797, 2, 0, 0
1861, 18236, 0, 1, 0, 0, 22.22%, 0, 0, 1, 4117.58, 5470998, 2, 0, 0
1866, 18305, 0, 1, 0, 0, 22.22%, 0, 0, 1, 4066.36, 5491698, 2, 0, 0
1871, 18372, 0, 1, 0, 0, 22.22%, 0, 0, 1, 4017.25, 5511715, 2, 0, 0
1876, 18439, 0, 1, 0, 0, 22.22%, 0, 0, 1, 4001.57, 5531996, 2, 0, 0
1882, 18511, 0, 1, 0, 0, 22.22%, 0, 0, 1, 4143.96, 5553398, 2, 0, 0
1887, 18578, 0, 1, 0, 0, 22.22%, 0, 0, 1, 4039.42, 5573596, 2, 0, 0
1892, 18646, 0, 1, 0, 0, 22.22%, 0, 0, 1, 3979.26, 5593895, 2, 0, 0
1897, 18695, 0, 1, 0, 0, 22.22%, 0, 0, 1, 3224.15, 5608681, 2, 0, 0
1902, 18759, 0, 1, 0, 0, 22.22%, 0, 0, 1, 3671.88, 5627915, 2, 0, 0
1907, 18809, 0, 1, 0, 0, 22.22%, 0, 0, 1, 2904.38, 5642775, 2, 0, 0
1912, 18863, 0, 1, 0, 0, 22.22%, 0, 0, 1, 3072.57, 5659176, 2, 0, 0
1917, 18922, 0, 1, 0, 0, 22.22%, 0, 0, 1, 3323.74, 5676915, 2, 0, 0
1922, 18951, 0, 1, 0, 0, 22.22%, 0, 0, 1, 1594.23, 5685506, 2, 0, 0
1928, 18981, 0, 1, 0, 0, 22.22%, 0, 0, 1, 1658.48, 5694612, 2, 0, 0
1933, 19013, 0, 1, 0, 0, 22.22%, 0, 0, 1, 1859.37, 5704015, 2, 0, 0
1938, 19049, 0, 1, 0, 0, 22.22%, 0, 0, 1, 1994.20, 5714915, 2, 0, 0
1943, 19088, 0, 1, 0, 0, 22.22%, 0, 0, 1, 2236.40, 5726461, 2, 0, 0
1948, 19121, 0, 1, 0, 0, 22.22%, 0, 0, 1, 2126.51, 5736559, 2, 0, 0
1953, 19158, 0, 1, 0, 0, 22.22%, 0, 0, 1, 2205.14, 5747704, 2, 0, 0
1958, 19196, 0, 1, 0, 0, 22.22%, 0, 0, 1, 2365.61, 5758963, 2, 0, 0
1963, 19231, 0, 1, 0, 0, 22.22%, 0, 0, 1, 2104.58, 5769558, 2, 0, 0
1968, 19257, 0, 1, 0, 0, 22.22%, 0, 0, 1, 1646.77, 5777348, 2, 0, 0
1973, 19279, 0, 1, 0, 0, 22.22%, 0, 0, 1, 1415.77, 5783997, 2, 0, 0
1978, 19307, 0, 1, 0, 0, 22.22%, 0, 0, 1, 1531.62, 5792176, 2, 0, 0
1984, 19339, 0, 1, 0, 0, 22.22%, 0, 0, 1, 1805.72, 5801915, 2, 0, 0
1989, 19364, 0, 1, 0, 0, 22.22%, 0, 0, 1, 1416.39, 5809272, 2, 0, 0
1994, 19381, 0, 1, 0, 0, 22.22%, 0, 0, 1, 1018.92, 5814536, 2, 0, 0
1999, 19402, 0, 1, 0, 0, 22.22%, 0, 0, 1, 1299.30, 5820866, 2, 0, 0
2004, 19426, 0, 1, 0, 0, 22.22%, 0, 0, 1, 1360.25, 5828115, 2, 0, 0
2009, 19441, 0, 1, 0, 0, 22.22%, 0, 0, 1, 971.98, 5832435, 2, 0, 0
2014, 19459, 0, 1, 0, 0, 22.22%, 0, 0, 1, 1127.23, 5838015, 2, 0, 0
2019, 19476, 0, 1, 0, 0, 22.22%, 0, 0, 1, 971.10, 5842911, 2, 0, 0
2024, 19491, 0, 1, 0, 0, 22.22%, 0, 0, 1, 947.01, 5847452, 2, 0, 0
2029, 19506, 0, 1, 0, 0, 22.22%, 0, 0, 1, 873.59, 5851915, 2, 0, 0
2034, 19521, 0, 1, 0, 0, 22.22%, 0, 0, 1, 939.69, 5856592, 2, 0, 0
2039, 19537, 0, 1, 0, 0, 22.22%, 0, 0, 1, 950.88, 5861234, 2, 0, 0
2044, 19568, 0, 1, 0, 0, 22.22%, 0, 0, 1, 1816.74, 5870686, 2, 0, 0
2049, 19598, 0, 1, 0, 0, 22.22%, 0, 0, 1, 1672.79, 5879515, 2, 0, 0
2055, 19625, 0, 1, 0, 0, 22.22%, 0, 0, 1, 1592.70, 5887606, 2, 0, 0
2060, 19656, 0, 1, 0, 0, 22.22%, 0, 0, 1, 1837.69, 5897084, 2, 0, 0
2065, 19701, 0, 1, 0, 0, 22.22%, 0, 0, 1, 2411.01, 5910463, 2, 0, 0
2070, 19743, 0, 1, 0, 0, 22.22%, 0, 0, 1, 2453.34, 5923164, 2, 0, 0
2075, 19781, 0, 1, 0, 0, 22.22%, 0, 0, 1, 2244.87, 5934504, 2, 0, 0
2080, 19821, 0, 1, 0, 0, 22.22%, 0, 0, 1, 2404.44, 5946410, 2, 0, 0
2085, 19852, 0, 1, 0, 0, 22.22%, 0, 0, 1, 1888.22, 5955854, 2, 0, 0
2090, 19884, 0, 1, 0, 0, 22.22%, 0, 0, 1, 1999.95, 5965355, 2, 0, 0
2095, 19919, 0, 1, 0, 0, 22.22%, 0, 0, 1, 1872.66, 5975754, 2, 0, 0
2100, 19949, 0, 1, 0, 0, 22.22%, 0, 0, 1, 1776.85, 5984886, 2, 0, 0
2106, 19977, 0, 1, 0, 0, 22.22%, 0, 0, 1, 1707.80, 5993150, 2, 0, 0
2111, 20006, 0, 1, 0, 0, 22.22%, 0, 0, 1, 1753.06, 6002115, 2, 0, 0
2116, 20037, 0, 1, 0, 0, 22.22%, 0, 0, 1, 1784.22, 6011286, 2, 0, 0
2121, 20069, 0, 1, 0, 0, 22.22%, 0, 0, 1, 1892.58, 6020953, 2, 0, 0
2126, 20100, 0, 1, 0, 0, 22.22%, 0, 0, 1, 1846.92, 6030188, 2, 0, 0
2131, 20131, 0, 1, 0, 0, 22.22%, 0, 0, 1, 1881.92, 6039390, 2, 0, 0
2136, 20177, 0, 1, 0, 0, 22.22%, 0, 0, 1, 2543.19, 6053315, 2, 0, 0
2141, 20233, 0, 1, 0, 0, 22.22%, 0, 0, 1, 3195.86, 6070179, 2, 0, 0
2146, 20282, 0, 1, 0, 0, 22.22%, 0, 0, 1, 2864.01, 6084773, 2, 0, 0
2152, 20326, 0, 1, 0, 0, 22.22%, 0, 0, 1, 2680.59, 6098070, 2, 0, 0
2157, 20372, 0, 1, 0, 0, 22.22%, 0, 0, 1, 2647.76, 6111915, 2, 0, 0
2162, 20408, 0, 1, 0, 0, 22.22%, 0, 0, 1, 2137.07, 6122458, 2, 0, 0
2167, 20431, 0, 1, 0, 0, 22.22%, 0, 0, 1, 882.45, 6129506, 2, 0, 0
2172, 20454, 0, 1, 0, 0, 22.22%, 0, 0, 1, 1273.86, 6136491, 2, 0, 0
2177, 20478, 0, 1, 0, 0, 22.22%, 0, 0, 1, 1438.46, 6143516, 2, 0, 0
2182, 20522, 0, 1, 0, 0, 22.22%, 0, 0, 1, 2469.47, 6156665, 2, 0, 0
2187, 20576, 0, 1, 0, 0, 22.22%, 0, 0, 1, 3154.39, 6172915, 2, 0, 0
2192, 20635, 0, 1, 0, 0, 22.22%, 0, 0, 1, 3365.25, 6190815, 2, 0, 0
2197, 20676, 0, 1, 0, 0, 22.22%, 0, 0, 1, 2412.02, 6202914, 2, 0, 0
2203, 20706, 0, 1, 0, 0, 22.22%, 0, 0, 1, 1922.33, 6211915, 2, 0, 0
2208, 20737, 0, 1, 0, 0, 22.22%, 0, 0, 1, 1822.13, 6221215, 2, 0, 0
2213, 20770, 0, 1, 0, 0, 22.22%, 0, 0, 1, 1987.26, 6231315, 2, 0, 0
2218, 20802, 0, 1, 0, 0, 22.22%, 0, 0, 1, 1892.36, 6240790, 2, 0, 0
2223, 20831, 0, 1, 0, 0, 22.22%, 0, 0, 1, 1712.18, 6249515, 2, 0, 0
2228, 20860, 0, 1, 0, 0, 22.22%, 0, 0, 1, 1886.79, 6258151, 2, 0, 0
2233, 20919, 0, 1, 0, 0, 22.22%, 0, 0, 1, 2975.40, 6275776, 2, 0, 0
2238, 20982, 0, 1, 0, 0, 22.22%, 0, 0, 1, 3520.28, 6294685, 2, 0, 0
2243, 21046, 0, 1, 0, 0, 22.22%, 0, 0, 1, 3694.12, 6314089, 2, 0, 0
2249, 21112, 0, 1, 0, 0, 22.22%, 0, 0, 1, 3844.63, 6333892, 2, 0, 0
2254, 21171, 0, 1, 0, 0, 22.22%, 0, 0, 1, 3594.39, 6351387, 2, 0, 0
2259, 21234, 0, 1, 0, 0, 22.22%, 0, 0, 1, 3764.07, 6370491, 2, 0, 0
2264, 21296, 0, 1, 0, 0, 22.22%, 0, 0, 1, 3630.26, 6389115, 2, 0, 0
2269, 21354, 0, 1, 0, 0, 22.22%, 0, 0, 1, 3402.23, 6406284, 2, 0, 0
2274, 21412, 0, 1, 0, 0, 22.22%, 0, 0, 1, 3469.75, 6423915, 2, 0, 0
2279, 21464, 0, 1, 0, 0, 22.22%, 0, 0, 1, 3091.84, 6439278, 2, 0, 0
2284, 21501, 0, 1, 0, 0, 22.22%, 0, 0, 1, 2338.78, 6450563, 2, 0, 0
2289, 21539, 0, 1, 0, 0, 22.22%, 0, 0, 1, 2209.66, 6461804, 2, 0, 0
2294, 21576, 0, 1, 0, 0, 22.22%, 0, 0, 1, 2229.77, 6472908, 2, 0, 0
2299, 21611, 0, 1, 0, 0, 22.22%, 0, 0, 1, 2197.16, 6483604, 2, 0, 0
2304, 21647, 0, 1, 0, 0, 22.22%, 0, 0, 1, 2121.65, 6494300, 2, 0, 0
2309, 21689, 0, 1, 0, 0, 22.22%, 0, 0, 1, 2378.25, 6506863, 2, 0, 0
2314, 21725, 0, 1, 0, 0, 22.22%, 0, 0, 1, 2149.06, 6517559, 2, 0, 0
2320, 21775, 0, 1, 0, 0, 22.22%, 0, 0, 1, 2868.13, 6532672, 2, 0, 0
2325, 21833, 0, 1, 0, 0, 22.22%, 0, 0, 1, 3220.47, 6550180, 2, 0, 0
2330, 21896, 0, 1, 0, 0, 22.22%, 0, 0, 1, 3531.63, 6568986, 2, 0, 0
2335, 21953, 0, 1, 0, 0, 22.22%, 0, 0, 1, 3319.76, 6586115, 2, 0, 0
2340, 22012, 0, 1, 0, 0, 22.22%, 0, 0, 1, 3355.34, 6603715, 2, 0, 0
2345, 22068, 0, 1, 0, 0, 22.22%, 0, 0, 1, 3340.81, 6620615, 2, 0, 0
2350, 22114, 0, 1, 0, 0, 22.22%, 0, 0, 1, 2994.99, 6634515, 2, 0, 0
2355, 22169, 0, 1, 0, 0, 22.22%, 0, 0, 1, 3215.07, 6650779, 2, 0, 0
2360, 22206, 0, 1, 0, 0, 22.22%, 0, 0, 1, 2494.58, 6661914, 2, 0, 0
2366, 22249, 0, 1, 0, 0, 22.22%, 0, 0, 1, 2499.76, 6675014, 2, 0, 0
2371, 22286, 0, 1, 0, 0, 22.22%, 0, 0, 1, 2295.84, 6686115, 2, 0, 0
2376, 22323, 0, 1, 0, 0, 22.22%, 0, 0, 1, 2213.77, 6697202, 2, 0, 0
2381, 22364, 0, 1, 0, 0, 22.22%, 0, 0, 1, 2401.44, 6709464, 2, 0, 0
2386, 22403, 0, 1, 0, 0, 22.22%, 0, 0, 1, 2297.22, 6721208, 2, 0, 0
2391, 22441, 0, 1, 0, 0, 22.22%, 0, 0, 1, 2299.24, 6732506, 2, 0, 0
2396, 22483, 0, 1, 0, 0, 22.22%, 0, 0, 1, 2467.80, 6745065, 2, 0, 0
2401, 22521, 0, 1, 0, 0, 22.22%, 0, 0, 1, 1632.71, 6756509, 2, 0, 0
2406, 22567, 0, 1, 0, 0, 22.22%, 0, 0, 1, 2511.79, 6770312, 2, 0, 0
2411, 22621, 0, 1, 0, 0, 22.22%, 0, 0, 1, 3109.05, 6786515, 2, 0, 0
2416, 22672, 0, 1, 0, 0, 22.22%, 0, 0, 1, 2965.59, 6801815, 2, 0, 0
2421, 22726, 0, 1, 0, 0, 22.22%, 0, 0, 1, 3184.85, 6818079, 2, 0, 0
2426, 22761, 0, 1, 0, 0, 22.22%, 0, 0, 1, 2055.67, 6828558, 2, 0, 0
2431, 22784, 0, 1, 0, 0, 22.22%, 0, 0, 1, 1523.59, 6835515, 2, 0, 0
2437, 22811, 0, 1, 0, 0, 22.22%, 0, 0, 1, 1805.54, 6843486, 2, 0, 0
2442, 22855, 0, 1, 0, 0, 22.22%, 0, 0, 1, 2446.93, 6856612, 2, 0, 0
2447, 22885, 0, 1, 0, 0, 22.22%, 0, 0, 1, 1787.16, 6865715, 2, 0, 0
2452, 22911, 0, 1, 0, 0, 22.22%, 0, 0, 1, 1762.46, 6873384, 2, 0, 0
2457, 22943, 0, 1, 0, 0, 22.22%, 0, 0, 1, 1833.07, 6882952, 2, 0, 0
2462, 22976, 0, 1, 0, 0, 22.22%, 0, 0, 1, 1917.52, 6892955, 2, 0, 0
2467, 23000, 0, 1, 0, 0, 22.22%, 0, 0, 1, 112.96, 6900146, 2, 0, 0
2472, 23010, 0, 1, 0, 0, 22.22%, 0, 0, 1, 592.72, 6903040, 2, 0, 0
2478, 23017, 0, 1, 0, 0, 22.22%, 0, 0, 1, 486.06, 6905252, 2, 0, 0
2483, 23024, 0, 1, 0, 0, 22.22%, 0, 0, 1, 421.20, 6907396, 2, 0, 0
2488, 23061, 0, 1, 0, 0, 22.22%, 0, 0, 1, 2920.95, 6918573, 2, 0, 0
2493, 23124, 0, 1, 0, 0, 22.22%, 0, 0, 1, 3597.68, 6937515, 2, 0, 0
2498, 23188, 0, 1, 0, 0, 22.22%, 0, 0, 1, 3616.95, 6956588, 2, 0, 0
2503, 23247, 0, 1, 0, 0, 22.22%, 0, 0, 1, 3554.87, 6974415, 2, 0, 0
2508, 23317, 0, 1, 0, 0, 22.22%, 0, 0, 1, 4014.66, 6995397, 2, 0, 0
2514, 23382, 0, 1, 0, 0, 22.22%, 0, 0, 1, 3754.18, 7014616, 2, 0, 0
2519, 23439, 0, 1, 0, 0, 22.22%, 0, 0, 1, 3560.13, 7032015, 2, 0, 0
2524, 23490, 0, 1, 0, 0, 22.22%, 0, 0, 1, 3098.10, 7047315, 2, 0, 0
2529, 23547, 0, 1, 0, 0, 22.22%, 0, 0, 1, 3237.28, 7064181, 2, 0, 0
2534, 23606, 0, 1, 0, 0, 22.22%, 0, 0, 1, 3465.64, 7081985, 2, 0, 0
2539, 23664, 0, 1, 0, 0, 22.22%, 0, 0, 1, 3449.04, 7099315, 2, 0, 0
2544, 23724, 0, 1, 0, 0, 22.22%, 0, 0, 1, 3574.17, 7117287, 2, 0, 0
2549, 23784, 0, 1, 0, 0, 22.22%, 0, 0, 1, 3429.78, 7135285, 2, 0, 0
2554, 23838, 0, 1, 0, 0, 22.22%, 0, 0, 1, 3225.33, 7151416, 2, 0, 0
2559, 23892, 0, 1, 0, 0, 22.22%, 0, 0, 1, 3199.65, 7167779, 2, 0, 0
2564, 23924, 0, 1, 0, 0, 22.22%, 0, 0, 1, 367.43, 7177444, 2, 0, 0
2570, 23933, 0, 1, 0, 0, 22.22%, 0, 0, 1, 451.80, 7179925, 2, 0, 0
2575, 23941, 0, 1, 0, 0, 22.22%, 0, 0, 1, 505.72, 7182388, 2, 0, 0
2580, 23949, 0, 1, 0, 0, 22.22%, 0, 0, 1, 476.76, 7184970, 2, 0, 0
2585, 23957, 0, 1, 0, 0, 22.22%, 0, 0, 1, 484.28, 7187334, 2, 0, 0
2590, 23966, 0, 1, 0, 0, 22.22%, 0, 0, 1, 522.13, 7190070, 2, 0, 0
2595, 23978, 0, 1, 0, 0, 22.22%, 0, 0, 1, 3450.71, 7193684, 2, 0, 0
2600, 24039, 0, 1, 0, 0, 22.22%, 0, 0, 1, 3610.46, 7211987, 2, 0, 0
2605, 24098, 0, 1, 0, 0, 22.22%, 0, 0, 1, 3356.78, 7229685, 2, 0, 0
2610, 24154, 0, 1, 0, 0, 22.22%, 0, 0, 1, 3218.95, 7246280, 2, 0, 0
2615, 24205, 0, 1, 0, 0, 22.22%, 0, 0, 1, 2998.92, 7261776, 2, 0, 0
2621, 24257, 0, 1, 0, 0, 22.22%, 0, 0, 1, 3109.76, 7277415, 2, 0, 0
2626, 24316, 0, 1, 0, 0, 22.22%, 0, 0, 1, 3466.34, 7294984, 2, 0, 0
2631, 24380, 0, 1, 0, 0, 22.22%, 0, 0, 1, 3668.73, 7314189, 2, 0, 0
2636, 24440, 0, 1, 0, 0, 22.22%, 0, 0, 1, 3387.87, 7332085, 2, 0, 0
2641, 24490, 0, 1, 0, 0, 22.22%, 0, 0, 1, 3117.00, 7347277, 2, 0, 0
2646, 24542, 0, 1, 0, 0, 22.22%, 0, 0, 1, 2999.47, 7362815, 2, 0, 0
2651, 24571, 0, 1, 0, 0, 22.22%, 0, 0, 1, 439.80, 7371372, 2, 0, 0
2656, 24578, 0, 1, 0, 0, 22.22%, 0, 0, 1, 463.28, 7373625, 2, 0, 0
2661, 24587, 0, 1, 0, 0, 22.22%, 0, 0, 1, 504.72, 7376326, 2, 0, 0
2667, 24594, 0, 1, 0, 0, 22.22%, 0, 0, 1, 441.86, 7378480, 2, 0, 0
2672, 24604, 0, 1, 0, 0, 22.22%, 0, 0, 1, 552.40, 7381296, 2, 0, 0
2677, 24611, 0, 1, 0, 0, 22.22%, 0, 0, 1, 436.04, 7383412, 2, 0, 0
2682, 24618, 0, 1, 0, 0, 22.22%, 0, 0, 1, 419.52, 7385456, 2, 0, 0
2687, 24625, 0, 1, 0, 0, 22.22%, 0, 0, 1, 392.39, 7387640, 2, 0, 0
2692, 24632, 0, 1, 0, 0, 22.22%, 0, 0, 1, 417.66, 7389724, 2, 0, 0
2697, 24639, 0, 1, 0, 0, 22.22%, 0, 0, 1, 472.90, 7391761, 2, 0, 0
2702, 24646, 0, 1, 0, 0, 22.22%, 0, 0, 1, 517.69, 7393961, 2, 0, 0
2708, 24690, 0, 1, 0, 0, 22.22%, 0, 0, 1, 3323.02, 7407315, 2, 0, 0
2713, 24760, 0, 1, 0, 0, 22.22%, 0, 0, 1, 3928.32, 7428094, 2, 0, 0
2718, 24828, 0, 1, 0, 0, 22.22%, 0, 0, 1, 3975.04, 7448595, 2, 0, 0
2723, 24892, 0, 1, 0, 0, 22.22%, 0, 0, 1, 3676.35, 7467815, 2, 0, 0
2728, 24951, 0, 1, 0, 0, 22.22%, 0, 0, 1, 3565.06, 7485515, 2, 0, 0
2733, 25011, 0, 1, 0, 0, 22.22%, 0, 0, 1, 3576.74, 7503387, 2, 0, 0
2738, 25078, 0, 1, 0, 0, 22.22%, 0, 0, 1, 3793.16, 7523591, 2, 0, 0
2744, 25142, 0, 1, 0, 0, 22.22%, 0, 0, 1, 3645.49, 7542890, 2, 0, 0
2749, 25197, 0, 1, 0, 0, 22.22%, 0, 0, 1, 3299.46, 7559315, 2, 0, 0
2754, 25255, 0, 1, 0, 0, 22.22%, 0, 0, 1, 3440.31, 7576784, 2, 0, 0
2759, 25298, 0, 1, 0, 0, 22.22%, 0, 0, 1, 2625.80, 7589615, 2, 0, 0
2764, 25337, 0, 1, 0, 0, 22.22%, 0, 0, 1, 2310.61, 7601116, 2, 0, 0
2769, 25361, 0, 1, 0, 0, 22.22%, 0, 0, 1, 1557.95, 7608546, 2, 0, 0
2775, 25405, 0, 1, 0, 0, 22.22%, 0, 0, 1, 2475.33, 7621565, 2, 0, 0
2780, 25451, 0, 1, 0, 0, 22.22%, 0, 0, 1, 2494.43, 7635566, 2, 0, 0
2785, 25494, 0, 1, 0, 0, 22.22%, 0, 0, 1, 2676.89, 7648468, 2, 0, 0
2790, 25526, 0, 1, 0, 0, 22.22%, 0, 0, 1, 417.95, 7658086, 2, 0, 0
2795, 25536, 0, 1, 0, 0, 22.22%, 0, 0, 1, 536.86, 7660946, 2, 0, 0
2800, 25544, 0, 1, 0, 0, 22.22%, 0, 0, 1, 479.05, 7663461, 2, 0, 0
2805, 25552, 0, 1, 0, 0, 22.22%, 0, 0, 1, 504.48, 7665834, 2, 0, 0
2810, 25561, 0, 1, 0, 0, 22.22%, 0, 0, 1, 542.69, 7668586, 2, 0, 0
2815, 25572, 0, 1, 0, 0, 22.22%, 0, 0, 1, 581.17, 7671638, 2, 0, 0
2820, 25580, 0, 1, 0, 0, 22.22%, 0, 0, 1, 637.55, 7674081, 2, 0, 0
2826, 25587, 0, 1, 0, 0, 22.22%, 0, 0, 1, 507.37, 7676252, 2, 0, 0
2831, 25594, 0, 1, 0, 0, 22.22%, 0, 0, 1, 245.10, 7678256, 2, 0, 0
2836, 25603, 0, 1, 0, 0, 22.22%, 0, 0, 1, 503.26, 7681086, 2, 0, 0
2841, 25608, 0, 1, 0, 0, 22.22%, 0, 0, 1, 246.08, 7682636, 2, 0, 0
2846, 25615, 0, 1, 0, 0, 22.22%, 0, 0, 1, 408.38, 7684788, 2, 0, 0
2851, 25624, 0, 1, 0, 0, 22.22%, 0, 0, 1, 473.57, 7687252, 2, 0, 0
2856, 25632, 0, 1, 0, 0, 22.22%, 0, 0, 1, 466.19, 7689725, 2, 0, 0
2862, 25642, 0, 1, 0, 0, 22.22%, 0, 0, 1, 584.91, 7692628, 2, 0, 0
2867, 25648, 0, 1, 0, 0, 22.22%, 0, 0, 1, 422.49, 7694632, 2, 0, 0
2872, 25672, 0, 1, 0, 0, 22.22%, 0, 0, 1, 2656.41, 7701815, 2, 0, 0
2877, 25730, 0, 1, 0, 0, 22.22%, 0, 0, 1, 3370.02, 7719284, 2, 0, 0
2882, 25782, 0, 1, 0, 0, 22.22%, 0, 0, 1, 3110.18, 7734879, 2, 0, 0
2887, 25835, 0, 1, 0, 0, 22.22%, 0, 0, 1, 3139.94, 7750779, 2, 0, 0
2892, 25898, 0, 1, 0, 0, 22.22%, 0, 0, 1, 3700.58, 7769689, 2, 0, 0
2897, 25936, 0, 1, 0, 0, 22.22%, 0, 0, 1, 2491.24, 7780865, 2, 0, 0
2902, 25973, 0, 1, 0, 0, 22.22%, 0, 0, 1, 235.65, 7792140, 2, 0, 0
2907, 25979, 0, 1, 0, 0, 22.22%, 0, 0, 1, 363.20, 7793940, 2, 0, 0
2912, 25987, 0, 1, 0, 0, 22.22%, 0, 0, 1, 413.18, 7796216, 2, 0, 0
2918, 26029, 0, 1, 0, 0, 22.22%, 0, 0, 1, 2435.52, 7808814, 2, 0, 0
2923, 26056, 0, 1, 0, 0, 22.22%, 0, 0, 1, 2181.34, 7817060, 2, 0, 0
2928, 26088, 0, 1, 0, 0, 22.22%, 0, 0, 1, 2097.88, 7826602, 2, 0, 0
2933, 26109, 0, 1, 0, 0, 22.22%, 0, 0, 1, 1446.41, 7832874, 2, 0, 0
2938, 26138, 0, 1, 0, 0, 22.22%, 0, 0, 1, 1720.87, 7841488, 2, 0, 0
2943, 26154, 0, 1, 0, 0, 22.22%, 0, 0, 1, 1168.23, 7846415, 2, 0, 0
2948, 26171, 0, 1, 0, 0, 22.22%, 0, 0, 1, 1568.71, 7851548, 2, 0, 0
2953, 26189, 0, 1, 0, 0, 22.22%, 0, 0, 1, 142.16, 7856890, 2, 0, 0
2958, 26205, 0, 1, 0, 0, 22.22%, 0, 0, 1, 949.20, 7861735, 2, 0, 0
2964, 26218, 0, 1, 0, 0, 22.22%, 0, 0, 1, 1761.86, 7865486, 2, 0, 0
2969, 26246, 0, 1, 0, 0, 22.22%, 0, 0, 1, 1692.96, 7873886, 2, 0, 0
2974, 26261, 0, 1, 0, 0, 22.22%, 0, 0, 1, 1137.39, 7878582, 2, 0, 0
2979, 26266, 0, 1, 0, 0, 22.22%, 0, 0, 1, 46.07, 7879977, 2, 0, 0
2984, 26268, 0, 1, 0, 0, 22.22%, 0, 0, 1, 72.81, 7880698, 2, 0, 0
2989, 26279, 0, 1, 0, 0, 22.22%, 0, 0, 1, 3202.68, 7883915, 2, 0, 0
2994, 26302, 0, 1, 0, 0, 22.22%, 0, 0, 1, 1774.57, 7890715, 2, 0, 0
3000, 26321, 0, 1, 0, 0, 22.22%, 0, 0, 1, 334.01, 7896540, 2, 0, 0
3005, 26345, 0, 1, 0, 0, 22.22%, 0, 0, 1, 1172.08, 7903585, 2, 0, 0
3010, 26364, 0, 1, 0, 0, 22.22%, 0, 0, 1, 1038.14, 7909279, 2, 0, 0
3015, 26372, 0, 1, 0, 0, 22.22%, 0, 0, 1, 849.72, 7911850, 2, 0, 0
3020, 26378, 0, 1, 0, 0, 22.22%, 0, 0, 1, 135.11, 7913472, 2, 0, 0
3025, 26380, 0, 1, 0, 0, 22.22%, 0, 0, 1, 171.12, 7914225, 2, 0, 0
3030, 26383, 0, 1, 0, 0, 22.22%, 0, 0, 1, 197.57, 7915060, 2, 0, 0
3035, 26387, 0, 1, 0, 0, 22.22%, 0, 0, 1, 281.62, 7916296, 2, 0, 0
3040, 26396, 0, 1, 0, 0, 22.22%, 0, 0, 1, 542.91, 7919006, 2, 0, 0
3046, 26406, 0, 1, 0, 0, 22.22%, 0, 0, 1, 536.58, 7921827, 2, 0, 0
3051, 26412, 0, 1, 0, 0, 22.22%, 0, 0, 1, 47.85, 7923626, 2, 0, 0
3056, 26414, 0, 1, 0, 0, 22.22%, 0, 0, 1, 85.99, 7924367, 2, 0, 0
3061, 26417, 0, 1, 0, 0, 22.22%, 0, 0, 1, 99.42, 7925220, 2, 0, 0
3066, 26422, 0, 1, 0, 0, 22.22%, 0, 0, 1, 28.30, 7926891, 2, 0, 0
3071, 26425, 0, 1, 0, 0, 22.22%, 0, 0, 1, 182.50, 7927755, 2, 0, 0
3077, 26430, 0, 1, 0, 0, 22.22%, 0, 0, 1, 235.47, 7929052, 2, 0, 0
3082, 26433, 0, 1, 0, 0, 22.22%, 0, 0, 1, 222.87, 7930072, 2, 0, 0
3087, 26435, 0, 1, 0, 0, 22.22%, 0, 0, 1, 80.81, 7930704, 2, 0, 0
3092, 26438, 0, 1, 0, 0, 22.22%, 0, 0, 1, 152.59, 7931526, 2, 0, 0
3097, 26439, 0, 1, 0, 0, 22.22%, 0, 0, 1, 23.17, 7931937, 2, 0, 0
3102, 26443, 0, 1, 0, 0, 22.22%, 0, 0, 1, 50.99, 7932926, 2, 0, 0
3107, 26459, 0, 1, 0, 0, 22.22%, 0, 0, 1, 1691.01, 7937786, 2, 0, 0
3112, 26483, 0, 1, 0, 0, 22.22%, 0, 0, 1, 1029.56, 7945158, 2, 0, 0
3117, 26500, 0, 1, 0, 0, 22.22%, 0, 0, 1, 1025.25, 7950256, 2, 0, 0
3122, 26519, 0, 1, 0, 0, 22.22%, 0, 0, 1, 2151.51, 7955859, 2, 0, 0
3128, 26542, 0, 1, 0, 0, 22.22%, 0, 0, 1, 437.50, 7962769, 2, 0, 0
3133, 26567, 0, 1, 0, 0, 22.22%, 0, 0, 1, 1189.73, 7970304, 2, 0, 0
3138, 26588, 0, 1, 0, 0, 22.22%, 0, 0, 1, 1132.88, 7976539, 2, 0, 0
3143, 26608, 0, 1, 0, 0, 22.22%, 0, 0, 1, 1506.40, 7982546, 2, 0, 0
3148, 26623, 0, 1, 0, 0, 22.22%, 0, 0, 1, 1260.00, 7987104, 2, 0, 0
3153, 26640, 0, 1, 0, 0, 22.22%, 0, 0, 1, 1512.73, 7992146, 2, 0, 0
3159, 26656, 0, 1, 0, 0, 22.22%, 0, 0, 1, 1195.96, 7996864, 2, 0, 0
3164, 26672, 0, 1, 0, 0, 22.22%, 0, 0, 1, 1791.98, 8001715, 2, 0, 0
3169, 26693, 0, 1, 0, 0, 22.22%, 0, 0, 1, 1950.28, 8008054, 2, 0, 0
3174, 26715, 0, 1, 0, 0, 22.22%, 0, 0, 1, 1382.14, 8014743, 2, 0, 0
3179, 26737, 0, 1, 0, 0, 22.22%, 0, 0, 1, 1391.48, 8021170, 2, 0, 0
3184, 26753, 0, 1, 0, 0, 22.22%, 0, 0, 1, 1695.12, 8025949, 2, 0, 0
3189, 26771, 0, 1, 0, 0, 22.22%, 0, 0, 1, 1442.35, 8031506, 2, 0, 0
3194, 26794, 0, 1, 0, 0, 22.22%, 0, 0, 1, 1365.06, 8038515, 2, 0, 0
3199, 26811, 0, 1, 0, 0, 22.22%, 0, 0, 1, 1267.98, 8043612, 2, 0, 0
3205, 26829, 0, 1, 0, 0, 22.22%, 0, 0, 1, 890.73, 8048801, 2, 0, 0
3210, 26840, 0, 1, 0, 0, 22.22%, 0, 0, 1, 1543.69, 8052306, 2, 0, 0
3215, 26856, 0, 1, 0, 0, 22.22%, 0, 0, 1, 1703.27, 8056851, 2, 0, 0
3216, 26857, 0, 1, 0, 0, 22.22%, 0, 0, 1, 1557.37, 8057395, 2, 0, 0
